"TOA5","LMAT_BLK1_soilCR10XPB10","","","","","","Table1"
"TIMESTAMP","RECORD","Field1","Field2","Field3","Field4","Field5","Field6","Field7","Field8","Field9","Field10","Field11","Field12","Field13","Field14","Field15","Field16","Field17","Field18","Field19","Field20"
"TS","RN","","","","","","","","","","","","","","","","","","","",""
"","","","","","","","","","","","","","","","","","","","","",""
"2022-04-01 15:00:00",0,-694.1,-5.244,-67.8,150,558,97,10,4094,-800.2,-7.41,-8.49,-6.522,-6.037,-5.876,-7.026,-5.722,-5.488,-7.444,-6.582,-5.655
"2022-04-01 18:00:00",1,15.07,-7.277,-7.272,-6.027,-5.727,-7.021,-6.438,-5.578,-8.32,-7.439,-8.24,-6.273,-5.944,-5.738,-6.679,-5.685,-5.487,-6.49,-6.442,-5.669
"2022-04-01 21:00:00",2,13.96,-14.56,-7.203,-6.339,-6.07,-7.283,-6.739,-5.902,-8.64,-7.637,-8.29,-6.365,-6.049,-5.928,-6.876,-5.936,-5.783,-6.562,-6.573,-5.924
"2022-04-02 00:00:00",3,13.03,-22.65,-7.942,-6.669,-6.43,-7.601,-7.072,-6.26,-9.72,-7.922,-8.74,-6.847,-6.353,-6.296,-7.42,-6.323,-6.167,-7.671,-6.928,-6.267
"2022-04-02 03:00:00",4,12.84,-25.74,-8.9,-6.785,-6.554,-7.792,-7.215,-6.402,-10.79,-8.12,-9.29,-7.443,-6.65,-6.535,-8.18,-6.552,-6.329,-8.84,-7.241,-6.431
"2022-04-02 06:00:00",5,12.77,-27.06,-9.76,-6.877,-6.617,-8.01,-7.333,-6.467,-11.65,-8.34,-9.85,-8.01,-6.96,-6.781,-8.71,-6.734,-6.437,-9.84,-7.58,-6.562
"2022-04-02 09:00:00",6,14.35,-26.25,-10.47,-6.992,-6.663,-8.23,-7.45,-6.495,-12.31,-8.56,-10.34,-8.52,-7.315,-7.07,-9.24,-6.895,-6.523,-10.6,-7.906,-6.661
"2022-04-02 12:00:00",7,15.4,-18.78,-10.54,-6.815,-6.42,-8.13,-7.253,-6.192,-12.03,-8.44,-10.32,-8.39,-7.192,-6.95,-9.2,-6.697,-6.279,-10.5,-7.862,-6.446
"2022-04-02 15:00:00",8,15.41,-17.87,-10.18,-6.888,-6.455,-8.25,-7.338,-6.196,-11.34,-8.57,-10.28,-8.2,-7.227,-6.914,-9.12,-6.707,-6.284,-9.72,-7.951,-6.499
"2022-04-02 18:00:00",9,15.5,-19.21,-9.59,-7.043,-6.612,-8.39,-7.502,-6.321,-10.87,-8.7,-10.14,-7.98,-7.257,-6.903,-9.11,-6.805,-6.392,-8.79,-7.947,-6.599
"2022-04-02 21:00:00",10,14.1,-23.62,-9.48,-7.292,-6.88,-8.6,-7.74,-6.544,-11.17,-8.85,-10.17,-8.02,-7.275,-7.004,-9.43,-7.028,-6.617,-8.75,-8.02,-6.778
"2022-04-03 00:00:00",11,13.08,-29.03,-10.07,-7.585,-7.183,-8.89,-8.03,-6.824,-12.07,-9.11,-10.56,-8.47,-7.557,-7.343,-9.8,-7.369,-6.952,-9.66,-8.33,-7.072
"2022-04-03 03:00:00",12,12.85,-30.1,-10.8,-7.689,-7.274,-9.05,-8.14,-6.912,-12.87,-9.27,-10.99,-8.93,-7.771,-7.525,-10.1,-7.512,-7.058,-10.61,-8.55,-7.182
"2022-04-03 06:00:00",13,12.76,-31.05,-11.5,-7.832,-7.369,-9.26,-8.28,-6.992,-13.54,-9.49,-11.45,-9.4,-8.05,-7.731,-10.53,-7.668,-7.163,-11.42,-8.86,-7.314
"2022-04-03 09:00:00",14,14.4,-29.74,-12.03,-7.976,-7.426,-9.45,-8.39,-7.028,-14.01,-9.69,-11.83,-9.8,-8.34,-7.985,-10.77,-7.791,-7.251,-12.02,-9.12,-7.409
"2022-04-03 12:00:00",15,15.5,-22.33,-11.98,-7.84,-7.217,-9.33,-8.21,-6.769,-13.66,-9.57,-11.76,-9.63,-8.22,-7.855,-10.52,-7.565,-7.02,-11.86,-9.03,-7.211
"2022-04-03 15:00:00",16,15.58,-21.84,-11.51,-7.915,-7.271,-9.41,-8.29,-6.789,-12.92,-9.68,-11.66,-9.36,-8.21,-7.808,-10.4,-7.585,-7.046,-10.99,-9.1,-7.279
"2022-04-03 18:00:00",17,15.6,-22.92,-10.86,-8.04,-7.42,-9.48,-8.42,-6.921,-12.43,-9.78,-11.48,-9.14,-8.21,-7.795,-10.6,-7.715,-7.155,-10,-9.03,-7.365
"2022-04-03 21:00:00",18,14.18,-26.37,-10.72,-8.22,-7.642,-9.62,-8.6,-7.107,-12.66,-9.87,-11.45,-9.18,-8.21,-7.872,-11.08,-7.946,-7.355,-9.91,-9.05,-7.509
"2022-04-04 00:00:00",19,13.11,-30.88,-11.27,-8.46,-7.901,-9.84,-8.84,-7.355,-13.45,-10.09,-11.77,-9.59,-8.46,-8.17,-11.54,-8.26,-7.656,-10.67,-9.32,-7.767
"2022-04-04 03:00:00",20,12.86,-32.27,-11.93,-8.57,-8,-9.96,-8.94,-7.461,-14.2,-10.26,-12.17,-10.11,-8.73,-8.39,-11.63,-8.38,-7.793,-11.66,-9.54,-7.907
"2022-04-04 06:00:00",21,12.75,-31.46,-12.45,-8.62,-8.02,-10.06,-8.98,-7.475,-14.69,-10.4,-12.52,-10.45,-8.96,-8.55,-11.56,-8.41,-7.833,-12.47,-9.72,-7.981
"2022-04-04 09:00:00",22,14.49,-29.66,-12.75,-8.7,-8.03,-10.17,-9.03,-7.471,-14.92,-10.53,-12.76,-10.68,-9.13,-8.71,-11.55,-8.45,-7.863,-13,-9.88,-8.02
"2022-04-04 12:00:00",23,15.55,-21.31,-12.54,-8.5,-7.771,-9.94,-8.78,-7.185,-14.5,-10.35,-12.6,-10.47,-8.99,-8.57,-11.53,-8.21,-7.617,-12.83,-9.77,-7.802
"2022-04-04 15:00:00",24,15.44,-15.58,-11.84,-8.33,-7.574,-9.73,-8.58,-6.97,-13.47,-10.18,-12.2,-9.86,-8.68,-8.22,-10.92,-7.894,-7.349,-11.75,-9.47,-7.602
"2022-04-04 18:00:00",25,15.5,-16.79,-11.09,-8.46,-7.698,-9.77,-8.68,-7.089,-12.75,-10.24,-11.92,-9.45,-8.58,-8.12,-10.36,-7.865,-7.399,-10.65,-9.33,-7.647
"2022-04-04 21:00:00",26,14.11,-20.95,-10.76,-8.66,-7.927,-9.89,-8.85,-7.298,-12.74,-10.3,-11.78,-9.22,-8.44,-8.12,-10.1,-7.962,-7.56,-10.3,-9.28,-7.767
"2022-04-05 00:00:00",27,13.11,-25.53,-11.09,-8.86,-8.17,-10.06,-9.07,-7.553,-13.32,-10.46,-11.99,-9.48,-8.59,-8.35,-10.28,-8.22,-7.832,-10.92,-9.43,-7.987
"2022-04-05 03:00:00",28,12.87,-25.9,-11.42,-8.85,-8.18,-10.07,-9.07,-7.586,-13.61,-10.47,-12.12,-9.63,-8.62,-8.37,-10.34,-8.24,-7.846,-11.43,-9.45,-8
"2022-04-05 06:00:00",29,12.77,-26.75,-11.71,-8.89,-8.23,-10.14,-9.14,-7.657,-13.91,-10.56,-12.3,-9.98,-8.77,-8.47,-10.64,-8.35,-7.916,-11.99,-9.62,-8.08
"2022-04-05 09:00:00",30,14.46,-25.37,-11.97,-8.89,-8.21,-10.12,-9.12,-7.648,-14.13,-10.59,-12.42,-10.29,-8.95,-8.62,-11.02,-8.42,-7.953,-12.64,-9.8,-8.13
"2022-04-05 12:00:00",31,15.35,-16.87,-11.76,-8.6,-7.885,-9.78,-8.79,-7.33,-13.63,-10.32,-12.14,-9.92,-8.76,-8.44,-10.88,-8.12,-7.653,-12.25,-9.57,-7.857
"2022-04-05 15:00:00",32,15.23,-11.06,-11.05,-8.35,-7.629,-9.5,-8.52,-7.085,-12.59,-10.08,-11.69,-9.31,-8.41,-8.08,-10.16,-7.767,-7.363,-11.02,-9.18,-7.612
"2022-04-05 18:00:00",33,15.23,-9.37,-10.2,-8.27,-7.565,-9.37,-8.45,-7.052,-11.76,-9.96,-11.29,-8.87,-8.22,-7.812,-9.54,-7.579,-7.243,-9.77,-8.86,-7.49
"2022-04-05 21:00:00",34,14.05,-13.19,-9.82,-8.4,-7.743,-9.45,-8.57,-7.206,-11.63,-9.96,-11.08,-8.6,-8.03,-7.769,-9.25,-7.649,-7.364,-9.34,-8.77,-7.555
"2022-04-06 00:00:00",35,13.11,-15.78,-9.91,-8.47,-7.871,-9.5,-8.68,-7.366,-11.94,-10.01,-11.13,-8.64,-8.1,-7.918,-9.2,-7.816,-7.549,-9.69,-8.81,-7.681
"2022-04-06 03:00:00",36,12.87,-15.14,-9.99,-8.34,-7.795,-9.38,-8.58,-7.309,-11.95,-9.86,-11.03,-8.5,-7.888,-7.744,-9.08,-7.716,-7.445,-9.85,-8.67,-7.567
"2022-04-06 06:00:00",37,12.78,-13.62,-10.01,-8.23,-7.706,-9.28,-8.5,-7.268,-11.89,-9.78,-10.98,-8.5,-7.888,-7.736,-9.07,-7.682,-7.411,-9.96,-8.63,-7.527
"2022-04-06 09:00:00",38,14.33,-7.264,-9.51,-7.901,-7.394,-8.89,-8.17,-6.99,-11.34,-9.46,-10.6,-8.22,-7.619,-7.484,-8.59,-7.45,-7.135,-9.39,-8.31,-7.24
"2022-04-06 12:00:00",39,14.91,-0.204,-8.62,-7.537,-7.035,-8.37,-7.755,-6.648,-9.92,-9.03,-9.92,-7.505,-7.181,-7.104,-7.513,-7.021,-6.784,-7.887,-7.592,-6.862
"2022-04-06 15:00:00",40,14.62,3.547,-7.289,-7.273,-6.807,-7.886,-7.435,-6.455,-7.963,-8.61,-9.08,-6.578,-6.697,-6.674,-5.937,-6.415,-6.479,-5.85,-6.303,-6.497
"2022-04-06 18:00:00",41,14.59,2.349,-6.012,-7.149,-6.743,-7.497,-7.236,-6.455,-6.6,-8.3,-8.38,-5.885,-6.308,-6.34,-5.222,-5.988,-6.295,-4.755,-5.429,-6.247
"2022-04-06 21:00:00",42,13.92,0.135,-5.465,-6.994,-6.648,-7.048,-6.981,-6.453,-6.364,-7.986,-7.898,-5.589,-5.999,-6.127,-5.163,-5.837,-6.193,-4.811,-5.291,-6.117
"2022-04-07 00:00:00",43,13.08,-1.822,-5.465,-6.799,-6.514,-6.666,-6.717,-6.421,-6.627,-7.746,-7.641,-5.591,-5.86,-5.982,-5.322,-5.829,-6.121,-5.115,-5.446,-6.051
"2022-04-07 03:00:00",44,12.92,-2.556,-5.671,-6.575,-6.352,-6.402,-6.492,-6.341,-6.828,-7.554,-7.486,-5.626,-5.806,-5.885,-5.38,-5.824,-6.054,-5.366,-5.581,-5.997
"2022-04-07 06:00:00",45,12.85,-2.336,-5.716,-6.341,-6.176,-6.208,-6.291,-6.221,-6.803,-7.359,-7.333,-5.547,-5.707,-5.771,-5.284,-5.746,-5.955,-5.318,-5.517,-5.9
"2022-04-07 09:00:00",46,14.04,-0.893,-5.612,-6.099,-5.983,-6.022,-6.097,-6.066,-6.679,-7.148,-7.149,-5.421,-5.583,-5.629,-5.066,-5.61,-5.816,-5.175,-5.413,-5.762
"2022-04-07 12:00:00",47,14.5,3.055,-5.251,-5.787,-5.708,-5.729,-5.812,-5.808,-6.176,-6.825,-6.794,-5.097,-5.321,-5.415,-4.64,-5.348,-5.578,-4.531,-5.096,-5.506
"2022-04-07 15:00:00",48,14.62,6.966,-4.549,-5.452,-5.423,-5.385,-5.513,-5.555,-5.305,-6.483,-6.289,-4.711,-5.035,-5.039,-4.13,-5.017,-5.285,-3.521,-4.725,-5.221
"2022-04-07 18:00:00",49,14.64,6.926,-3.874,-5.281,-5.308,-5.184,-5.369,-5.476,-4.689,-6.266,-5.856,-4.428,-4.87,-4.791,-3.668,-4.794,-5.132,-2.721,-4.401,-5.06
"2022-04-07 21:00:00",50,13.93,2.181,-3.78,-5.311,-5.396,-5.192,-5.406,-5.569,-4.851,-6.179,-5.684,-4.365,-4.767,-4.767,-3.796,-4.843,-5.184,-2.823,-4.371,-5.073
"2022-04-08 00:00:00",51,13.09,-2.905,-4.387,-5.374,-5.51,-5.299,-5.511,-5.711,-5.558,-6.225,-5.875,-4.657,-4.91,-4.955,-4.487,-5.094,-5.357,-3.788,-4.685,-5.22
"2022-04-08 03:00:00",52,12.92,-4.084,-4.915,-5.285,-5.452,-5.308,-5.485,-5.687,-6.009,-6.199,-6.054,-4.929,-5.003,-5.014,-4.896,-5.222,-5.362,-4.582,-5.005,-5.25
"2022-04-08 06:00:00",53,12.84,-6.999,-5.305,-5.298,-5.48,-5.42,-5.544,-5.722,-6.318,-6.256,-6.242,-5.124,-5.052,-5.037,-5.124,-5.293,-5.355,-5.004,-5.195,-5.302
"2022-04-08 09:00:00",54,14.13,-14.7,-6.018,-5.62,-5.797,-5.812,-5.898,-6.048,-7.058,-6.656,-6.771,-5.868,-5.618,-5.539,-6.135,-5.777,-5.762,-6.087,-5.831,-5.734
"2022-04-08 12:00:00",55,15.22,-10.61,-6.385,-5.444,-5.603,-5.695,-5.742,-5.849,-7.326,-6.557,-6.847,-5.92,-5.661,-5.54,-6.179,-5.771,-5.652,-6.393,-5.892,-5.638
"2022-04-08 15:00:00",56,15.25,-9.37,-6.324,-5.371,-5.518,-5.676,-5.677,-5.723,-7.088,-6.51,-6.833,-5.74,-5.556,-5.476,-6.168,-5.704,-5.56,-5.952,-5.796,-5.554
"2022-04-08 18:00:00",57,15.28,-11.41,-6.139,-5.475,-5.61,-5.804,-5.782,-5.788,-6.916,-6.621,-6.862,-5.773,-5.638,-5.558,-6.078,-5.76,-5.639,-5.775,-5.815,-5.633
"2022-04-08 21:00:00",58,13.95,-14.12,-6.156,-5.598,-5.725,-5.953,-5.905,-5.874,-7.063,-6.705,-6.929,-5.9,-5.736,-5.693,-6.191,-5.887,-5.771,-6.192,-5.945,-5.75
"2022-04-09 00:00:00",59,13.16,-15.38,-6.395,-5.657,-5.776,-6.073,-5.983,-5.91,-7.339,-6.765,-7.076,-6.015,-5.825,-5.797,-6.322,-5.975,-5.843,-6.641,-6.091,-5.827
"2022-04-09 03:00:00",60,12.92,-16.53,-6.707,-5.706,-5.813,-6.207,-6.06,-5.929,-7.614,-6.823,-7.241,-6.112,-5.85,-5.839,-6.429,-6.024,-5.868,-7.028,-6.223,-5.869
"2022-04-09 06:00:00",61,12.82,-21.04,-7.199,-5.93,-6.015,-6.519,-6.313,-6.119,-8.11,-7.078,-7.607,-6.471,-6.118,-6.071,-7.304,-6.279,-6.08,-7.622,-6.539,-6.101
"2022-04-09 09:00:00",62,14.74,-20.48,-7.646,-5.996,-6.035,-6.65,-6.384,-6.125,-8.57,-7.178,-7.889,-6.859,-6.3,-6.245,-8.62,-6.563,-6.169,-8.28,-6.791,-6.181
"2022-04-09 12:00:00",63,15.37,-14.7,-7.709,-5.801,-5.808,-6.509,-6.196,-5.868,-8.59,-7.03,-7.885,-6.959,-6.221,-6.105,-8.84,-6.624,-6.027,-8.39,-6.971,-6.051
"2022-04-09 15:00:00",64,15.24,-10.39,-7.484,-5.655,-5.645,-6.384,-6.07,-5.698,-8.28,-6.959,-7.788,-6.83,-6.197,-5.952,-8.23,-6.524,-5.941,-7.992,-6.945,-5.981
"2022-04-09 18:00:00",65,15.12,-6.652,-7.006,-5.552,-5.53,-6.262,-5.951,-5.558,-7.762,-6.826,-7.506,-6.464,-6.036,-5.75,-7.501,-6.25,-5.801,-7.249,-6.573,-5.818
"2022-04-09 21:00:00",66,14.22,-8.87,-6.813,-5.707,-5.679,-6.402,-6.081,-5.656,-7.656,-6.886,-7.434,-6.318,-5.97,-5.792,-7.386,-6.264,-5.896,-6.984,-6.477,-5.884
"2022-04-10 00:00:00",67,13.15,-11.23,-6.869,-5.849,-5.819,-6.542,-6.224,-5.783,-7.86,-6.978,-7.509,-6.44,-6.061,-5.948,-7.416,-6.401,-6.053,-7.468,-6.61,-6.015
"2022-04-10 03:00:00",68,12.91,-9.66,-6.89,-5.801,-5.764,-6.507,-6.186,-5.731,-8.02,-6.917,-7.497,-6.489,-6.041,-5.915,-7.362,-6.357,-6.014,-7.537,-6.656,-5.982
"2022-04-10 06:00:00",69,12.83,-8.5,-6.87,-5.773,-5.719,-6.484,-6.153,-5.68,-7.89,-6.862,-7.441,-6.374,-5.969,-5.864,-7.114,-6.258,-5.964,-7.382,-6.579,-5.936
"2022-04-10 09:00:00",70,14.02,-7.059,-6.743,-5.744,-5.665,-6.429,-6.114,-5.639,-7.668,-6.812,-7.331,-6.266,-5.945,-5.838,-6.899,-6.152,-5.914,-7.161,-6.489,-5.888
"2022-04-10 12:00:00",71,15.01,-2.602,-6.344,-5.556,-5.455,-6.175,-5.899,-5.433,-7.131,-6.57,-6.978,-5.94,-5.698,-5.605,-6.428,-5.874,-5.684,-6.713,-6.206,-5.663
"2022-04-10 15:00:00",72,14.92,0.022,-5.816,-5.419,-5.313,-5.915,-5.714,-5.297,-6.367,-6.335,-6.515,-5.562,-5.456,-5.403,-5.763,-5.578,-5.498,-6.239,-5.951,-5.494
"2022-04-10 18:00:00",73,14.92,0.253,-4.89,-5.351,-5.253,-5.701,-5.597,-5.261,-5.621,-6.153,-6.097,-5.225,-5.275,-5.287,-4.97,-5.269,-5.386,-5.63,-5.766,-5.43
"2022-04-10 21:00:00",74,14.04,-0.335,-4.302,-5.3,-5.177,-5.499,-5.478,-5.25,-5.166,-5.98,-5.776,-4.983,-5.11,-5.179,-4.617,-5.072,-5.274,-4.926,-5.606,-5.389
"2022-04-11 00:00:00",75,13.15,-0.829,-4.225,-5.228,-5.093,-5.314,-5.351,-5.238,-5.035,-5.823,-5.562,-4.852,-5.003,-5.084,-4.576,-5.014,-5.193,-4.646,-5.459,-5.349
"2022-04-11 03:00:00",76,12.96,-0.812,-4.214,-5.113,-4.99,-5.145,-5.217,-5.187,-4.987,-5.667,-5.403,-4.737,-4.889,-4.974,-4.499,-4.948,-5.11,-4.558,-5.31,-5.273
"2022-04-11 06:00:00",77,12.88,-1.281,-4.239,-5.013,-4.915,-5.03,-5.121,-5.148,-4.947,-5.55,-5.293,-4.659,-4.793,-4.881,-4.52,-4.915,-5.051,-4.528,-5.2,-5.209
"2022-04-11 09:00:00",78,14.33,-3.964,-4.395,-5.035,-4.957,-5.042,-5.144,-5.21,-5.064,-5.552,-5.315,-4.712,-4.834,-4.949,-4.66,-5.01,-5.125,-4.637,-5.225,-5.255
"2022-04-11 12:00:00",79,14.7,0.008,-4.278,-4.776,-4.714,-4.767,-4.891,-4.997,-5.014,-5.33,-5.184,-4.54,-4.686,-4.817,-4.573,-4.851,-4.953,-4.556,-5.017,-5.06
"2022-04-11 15:00:00",80,14.62,4.015,-4.067,-4.485,-4.454,-4.483,-4.627,-4.763,-4.549,-5.091,-4.917,-4.316,-4.461,-4.49,-4.261,-4.566,-4.682,-4.31,-4.745,-4.811
"2022-04-11 18:00:00",81,14.71,5.61,-3.889,-4.318,-4.317,-4.297,-4.473,-4.647,-4.036,-4.925,-4.599,-4.17,-4.333,-4.27,-3.9,-4.338,-4.508,-3.998,-4.563,-4.66
"2022-04-11 21:00:00",82,14.09,1.682,-4.013,-4.408,-4.442,-4.377,-4.554,-4.748,-3.983,-4.93,-4.524,-4.18,-4.355,-4.399,-3.686,-4.357,-4.612,-3.895,-4.577,-4.763
"2022-04-12 00:00:00",83,13.13,-0.479,-4.087,-4.42,-4.493,-4.416,-4.588,-4.794,-4.155,-4.908,-4.547,-4.21,-4.396,-4.49,-3.873,-4.404,-4.651,-3.906,-4.544,-4.804
"2022-04-12 03:00:00",84,12.94,-0.202,-4.074,-4.326,-4.431,-4.361,-4.523,-4.734,-4.261,-4.83,-4.558,-4.187,-4.352,-4.43,-3.925,-4.388,-4.588,-4.023,-4.481,-4.736
"2022-04-12 06:00:00",85,12.87,-0.363,-4.034,-4.256,-4.388,-4.335,-4.481,-4.68,-4.308,-4.775,-4.556,-4.167,-4.29,-4.363,-3.969,-4.377,-4.541,-4.084,-4.461,-4.679
"2022-04-12 09:00:00",86,14.37,-0.209,-4.092,-4.216,-4.352,-4.319,-4.452,-4.64,-4.475,-4.751,-4.594,-4.194,-4.298,-4.383,-4.098,-4.411,-4.536,-4.162,-4.476,-4.645
"2022-04-12 12:00:00",87,14.78,4.836,-3.927,-3.982,-4.113,-4.072,-4.205,-4.384,-4.194,-4.511,-4.391,-3.953,-4.076,-4.204,-3.936,-4.218,-4.32,-3.994,-4.266,-4.4
"2022-04-12 15:00:00",88,14.77,5.599,-3.595,-3.881,-4.03,-3.951,-4.111,-4.292,-3.623,-4.412,-4.178,-3.76,-3.921,-3.996,-3.689,-4.049,-4.183,-3.773,-4.135,-4.294
"2022-04-12 18:00:00",89,14.92,1.856,-3.271,-3.975,-4.138,-3.984,-4.2,-4.429,-3.341,-4.503,-4.09,-3.799,-4.067,-4.094,-3.546,-4.065,-4.278,-3.645,-4.182,-4.407
"2022-04-12 21:00:00",90,14.07,-3.184,-3.287,-4.119,-4.307,-4.084,-4.321,-4.593,-3.603,-4.568,-4.104,-3.845,-4.091,-4.201,-3.532,-4.135,-4.393,-3.671,-4.244,-4.533
"2022-04-13 00:00:00",91,13.16,-6.951,-3.712,-4.226,-4.433,-4.208,-4.442,-4.742,-4.259,-4.701,-4.374,-4.082,-4.287,-4.415,-3.843,-4.339,-4.573,-4.001,-4.414,-4.705
"2022-04-13 03:00:00",92,12.96,-7.784,-4.152,-4.191,-4.409,-4.252,-4.44,-4.735,-4.751,-4.736,-4.612,-4.216,-4.32,-4.41,-4.116,-4.432,-4.579,-4.283,-4.47,-4.698
"2022-04-13 06:00:00",93,12.89,-9.61,-4.594,-4.229,-4.443,-4.39,-4.51,-4.762,-5.158,-4.838,-4.884,-4.388,-4.375,-4.433,-4.424,-4.559,-4.628,-4.613,-4.594,-4.732
"2022-04-13 09:00:00",94,14.53,-9.92,-4.996,-4.275,-4.466,-4.523,-4.587,-4.784,-5.611,-4.976,-5.183,-4.607,-4.554,-4.567,-4.682,-4.702,-4.714,-4.945,-4.747,-4.788
"2022-04-13 12:00:00",95,14.7,-2.519,-4.966,-4.008,-4.16,-4.307,-4.309,-4.44,-5.421,-4.731,-5.054,-4.378,-4.303,-4.338,-4.528,-4.441,-4.413,-4.837,-4.506,-4.451
"2022-04-13 15:00:00",96,14.65,1.704,-4.549,-3.811,-3.953,-4.159,-4.136,-4.216,-4.746,-4.585,-4.825,-4.144,-4.107,-4.047,-4.25,-4.192,-4.173,-4.57,-4.326,-4.245
"2022-04-13 18:00:00",97,14.75,1.385,-4.105,-3.826,-3.967,-4.179,-4.171,-4.231,-4.25,-4.609,-4.656,-4.058,-4.129,-3.958,-4.042,-4.089,-4.119,-4.296,-4.246,-4.214
"2022-04-13 21:00:00",98,14.27,-3.337,-4.072,-4.033,-4.188,-4.38,-4.376,-4.421,-4.487,-4.734,-4.698,-4.123,-4.199,-4.134,-4.108,-4.245,-4.315,-4.349,-4.376,-4.399
"2022-04-14 00:00:00",99,13.15,-9.94,-4.663,-4.324,-4.498,-4.714,-4.685,-4.706,-5.408,-5,-5.109,-4.446,-4.438,-4.48,-4.465,-4.583,-4.64,-4.82,-4.684,-4.701
"2022-04-14 03:00:00",100,12.95,-10.95,-5.247,-4.364,-4.538,-4.856,-4.769,-4.75,-6.127,-5.126,-5.495,-4.689,-4.569,-4.577,-4.773,-4.704,-4.716,-5.251,-4.832,-4.766
"2022-04-14 06:00:00",101,12.87,-10.98,-5.687,-4.4,-4.548,-5.006,-4.839,-4.75,-6.573,-5.249,-5.815,-4.894,-4.648,-4.613,-5.093,-4.777,-4.738,-5.611,-4.964,-4.785
"2022-04-14 09:00:00",102,14.82,-8.33,-5.922,-4.401,-4.49,-5.063,-4.832,-4.665,-6.735,-5.286,-5.965,-4.972,-4.684,-4.67,-5.284,-4.784,-4.699,-5.789,-5.006,-4.718
"2022-04-14 12:00:00",103,14.93,-2.598,-5.739,-4.224,-4.269,-4.907,-4.631,-4.388,-6.26,-5.093,-5.762,-4.704,-4.414,-4.426,-5.049,-4.534,-4.432,-5.575,-4.791,-4.447
"2022-04-14 15:00:00",104,14.97,-2.411,-5.34,-4.261,-4.286,-4.926,-4.678,-4.407,-5.555,-5.165,-5.634,-4.63,-4.474,-4.397,-4.89,-4.512,-4.433,-5.363,-4.804,-4.479
"2022-04-14 18:00:00",105,15.04,-2.748,-4.704,-4.294,-4.321,-4.886,-4.697,-4.44,-4.928,-5.138,-5.333,-4.445,-4.445,-4.312,-4.473,-4.389,-4.39,-4.922,-4.686,-4.458
"2022-04-14 21:00:00",106,14.31,-6.557,-4.566,-4.474,-4.52,-4.991,-4.843,-4.624,-5.114,-5.207,-5.283,-4.453,-4.483,-4.444,-4.382,-4.474,-4.537,-4.815,-4.733,-4.608
"2022-04-15 00:00:00",107,13.22,-12.74,-5.124,-4.724,-4.791,-5.233,-5.091,-4.887,-6.033,-5.421,-5.632,-4.733,-4.677,-4.715,-4.746,-4.763,-4.811,-5.195,-4.97,-4.865
"2022-04-15 03:00:00",108,12.98,-12.36,-5.738,-4.707,-4.771,-5.279,-5.1,-4.892,-6.832,-5.497,-6.008,-4.958,-4.786,-4.785,-5.176,-4.864,-4.863,-5.609,-5.07,-4.889
"2022-04-15 06:00:00",109,12.9,-7.907,-6.056,-4.529,-4.576,-5.147,-4.931,-4.688,-7.145,-5.41,-6.134,-5.012,-4.667,-4.624,-5.627,-4.866,-4.698,-5.826,-5.207,-4.735
"2022-04-15 09:00:00",110,14.79,-5.86,-6.063,-4.51,-4.532,-5.116,-4.88,-4.598,-6.94,-5.402,-6.129,-5.044,-4.675,-4.616,-5.639,-4.929,-4.678,-5.919,-5.363,-4.712
"2022-04-15 12:00:00",111,14.83,-2.323,-5.687,-4.402,-4.423,-4.989,-4.761,-4.443,-6.245,-5.278,-5.868,-4.837,-4.551,-4.493,-5.401,-4.817,-4.56,-5.608,-5.165,-4.581
"2022-04-15 15:00:00",112,14.71,-0.503,-4.802,-4.34,-4.372,-4.851,-4.684,-4.377,-5.104,-5.175,-5.497,-4.426,-4.437,-4.382,-4.818,-4.611,-4.479,-4.837,-4.729,-4.477
"2022-04-15 18:00:00",113,14.66,-0.203,-3.897,-4.297,-4.333,-4.661,-4.596,-4.367,-4.436,-5.061,-5.133,-4.03,-4.272,-4.208,-4.11,-4.298,-4.37,-3.947,-4.325,-4.373
"2022-04-15 21:00:00",114,14.35,-2.813,-3.775,-4.354,-4.394,-4.569,-4.578,-4.451,-4.697,-5.014,-4.978,-4.072,-4.17,-4.174,-4.023,-4.248,-4.38,-4.103,-4.362,-4.41
"2022-04-16 00:00:00",115,13.18,-6.895,-4.376,-4.487,-4.522,-4.615,-4.653,-4.607,-5.519,-5.094,-5.145,-4.549,-4.341,-4.369,-4.623,-4.517,-4.55,-4.957,-4.869,-4.625
"2022-04-16 03:00:00",116,12.98,-7.606,-4.964,-4.463,-4.49,-4.583,-4.614,-4.612,-6.144,-5.114,-5.36,-4.951,-4.536,-4.476,-5.239,-4.742,-4.606,-5.493,-5.218,-4.717
"2022-04-16 06:00:00",117,12.9,-7.515,-5.34,-4.444,-4.463,-4.61,-4.596,-4.584,-6.468,-5.161,-5.554,-5.191,-4.692,-4.58,-5.652,-4.922,-4.66,-5.75,-5.391,-4.768
"2022-04-16 09:00:00",118,14.82,-4.963,-5.454,-4.371,-4.373,-4.573,-4.514,-4.464,-6.451,-5.134,-5.595,-5.205,-4.743,-4.631,-5.699,-4.948,-4.636,-5.735,-5.391,-4.714
"2022-04-16 12:00:00",119,14.97,-0.751,-5.14,-4.212,-4.2,-4.421,-4.338,-4.243,-5.735,-4.977,-5.372,-4.823,-4.552,-4.49,-5.203,-4.743,-4.482,-4.975,-4.979,-4.525
"2022-04-16 15:00:00",120,14.86,1.826,-4.395,-4.115,-4.103,-4.315,-4.245,-4.132,-4.607,-4.858,-5.017,-4.244,-4.343,-4.287,-4.388,-4.441,-4.343,-3.684,-4.247,-4.343
"2022-04-16 18:00:00",121,14.89,3.568,-3.498,-4.008,-4.011,-4.205,-4.156,-4.05,-3.78,-4.669,-4.579,-3.688,-4.035,-3.973,-3.61,-4.039,-4.136,-2.722,-3.626,-4.101
"2022-04-16 21:00:00",122,14.25,0.254,-3.318,-4.102,-4.119,-4.296,-4.26,-4.167,-3.938,-4.618,-4.428,-3.677,-3.895,-3.916,-3.729,-3.991,-4.151,-3.084,-3.713,-4.111
"2022-04-17 00:00:00",123,13.24,-3.592,-3.903,-4.208,-4.236,-4.41,-4.39,-4.317,-4.677,-4.668,-4.558,-4.136,-4.053,-4.101,-4.412,-4.272,-4.302,-4.294,-4.331,-4.294
"2022-04-17 03:00:00",124,12.99,-5.157,-4.496,-4.218,-4.25,-4.437,-4.422,-4.374,-5.249,-4.734,-4.763,-4.497,-4.246,-4.236,-4.836,-4.492,-4.393,-4.959,-4.765,-4.422
"2022-04-17 06:00:00",125,12.91,-5.48,-4.844,-4.202,-4.23,-4.452,-4.422,-4.384,-5.613,-4.81,-4.972,-4.74,-4.403,-4.351,-5.101,-4.621,-4.451,-5.334,-5.021,-4.502
"2022-04-17 09:00:00",126,14.78,-2.905,-4.943,-4.094,-4.1,-4.373,-4.314,-4.262,-5.639,-4.762,-5.025,-4.711,-4.417,-4.37,-5.044,-4.577,-4.379,-5.223,-4.971,-4.426
"2022-04-17 12:00:00",127,14.81,3.265,-4.541,-3.85,-3.837,-4.139,-4.062,-3.984,-4.891,-4.527,-4.753,-4.241,-4.145,-4.162,-4.524,-4.276,-4.131,-4.023,-4.447,-4.147
"2022-04-17 15:00:00",128,14.7,7.063,-3.631,-3.657,-3.653,-3.942,-3.891,-3.808,-3.778,-4.323,-4.31,-3.716,-3.856,-3.822,-3.982,-3.947,-3.892,-2.337,-3.933,-3.907
"2022-04-17 18:00:00",129,14.68,9.46,-2.6,-3.494,-3.528,-3.747,-3.762,-3.727,-2.941,-4.136,-3.841,-3.273,-3.658,-3.489,-3.438,-3.619,-3.675,-1.081,-3.441,-3.678
"2022-04-17 21:00:00",130,14.15,4.153,-2.297,-3.619,-3.714,-3.833,-3.89,-3.89,-3.107,-4.116,-3.704,-3.119,-3.505,-3.475,-3.319,-3.648,-3.773,-0.899,-3.272,-3.664
"2022-04-18 00:00:00",131,13.2,-4.724,-3.03,-3.914,-4.066,-4.141,-4.215,-4.25,-4.207,-4.374,-4.138,-3.576,-3.757,-3.836,-3.727,-4.017,-4.122,-1.963,-3.499,-3.904
"2022-04-18 03:00:00",132,12.98,-6.645,-3.957,-3.916,-4.095,-4.226,-4.271,-4.318,-5.043,-4.474,-4.545,-4.066,-3.964,-3.972,-4.198,-4.151,-4.174,-3.5,-3.811,-3.948
"2022-04-18 06:00:00",133,12.9,-7.269,-4.671,-3.915,-4.089,-4.326,-4.302,-4.319,-5.558,-4.572,-4.869,-4.443,-4.141,-4.095,-4.747,-4.296,-4.186,-4.778,-4.318,-4.022
"2022-04-18 09:00:00",134,14.84,-3.805,-4.928,-3.806,-3.937,-4.292,-4.204,-4.171,-5.645,-4.55,-4.968,-4.538,-4.208,-4.155,-4.871,-4.284,-4.087,-5.047,-4.44,-3.957
"2022-04-18 12:00:00",135,14.59,4.586,-4.471,-3.487,-3.585,-4.006,-3.882,-3.795,-4.83,-4.261,-4.637,-4.073,-3.91,-3.9,-4.374,-3.93,-3.751,-3.78,-3.971,-3.624
"2022-04-18 15:00:00",136,14.45,9.22,-3.387,-3.287,-3.382,-3.8,-3.696,-3.583,-3.563,-4.043,-4.12,-3.48,-3.582,-3.529,-3.737,-3.564,-3.471,-1.657,-3.429,-3.347
"2022-04-18 18:00:00",137,14.43,6.095,-2.401,-3.382,-3.513,-3.833,-3.807,-3.721,-2.854,-4.068,-3.793,-3.145,-3.537,-3.444,-3.178,-3.459,-3.502,-0.628,-2.917,-3.154
"2022-04-18 21:00:00",138,14.34,1.967,-1.881,-3.468,-3.66,-3.861,-3.9,-3.872,-3.009,-4.05,-3.644,-2.992,-3.454,-3.451,-2.953,-3.461,-3.587,-0.527,-2.439,-2.959
"2022-04-19 00:00:00",139,13.17,-4.347,-2.646,-3.646,-3.896,-4.033,-4.095,-4.113,-3.998,-4.169,-3.934,-3.366,-3.549,-3.622,-3.314,-3.68,-3.762,-1.378,-2.533,-3.08
"2022-04-19 03:00:00",140,12.96,-7.574,-3.804,-3.709,-3.984,-4.164,-4.202,-4.239,-4.951,-4.319,-4.414,-3.946,-3.822,-3.829,-3.748,-3.851,-3.856,-2.934,-2.885,-3.244
"2022-04-19 06:00:00",141,12.91,-8,-4.627,-3.71,-3.966,-4.262,-4.23,-4.242,-5.566,-4.433,-4.8,-4.346,-4.035,-3.969,-4.241,-3.969,-3.875,-4.402,-3.432,-3.387
"2022-04-19 09:00:00",142,14.93,-4.432,-4.975,-3.623,-3.822,-4.243,-4.134,-4.088,-5.692,-4.418,-4.934,-4.452,-4.1,-4.036,-4.433,-3.963,-3.784,-4.903,-3.753,-3.394
"2022-04-19 12:00:00",143,14.79,3.605,-4.511,-3.333,-3.483,-3.982,-3.824,-3.713,-4.857,-4.142,-4.605,-3.971,-3.78,-3.771,-4.005,-3.636,-3.467,-3.534,-3.445,-3.131
"2022-04-19 15:00:00",144,14.76,5.656,-3.435,-3.257,-3.398,-3.894,-3.761,-3.614,-3.692,-4.054,-4.209,-3.469,-3.574,-3.517,-3.514,-3.41,-3.323,-1.379,-3.027,-2.997
"2022-04-19 18:00:00",145,14.78,5.446,-2.256,-3.23,-3.412,-3.811,-3.76,-3.653,-2.945,-4.013,-3.83,-3.061,-3.498,-3.352,-2.931,-3.236,-3.267,-0.211,-1.896,-2.703
"2022-04-19 21:00:00",146,14.24,1.688,-1.813,-3.298,-3.552,-3.829,-3.834,-3.773,-3.086,-3.956,-3.643,-2.866,-3.291,-3.241,-2.801,-3.207,-3.293,-0.024,-1.414,-2.469
"2022-04-20 00:00:00",147,13.23,-5.287,-2.646,-3.514,-3.831,-4.045,-4.074,-4.052,-4.119,-4.131,-3.982,-3.296,-3.451,-3.501,-3.19,-3.497,-3.549,-0.915,-1.79,-2.681
"2022-04-20 03:00:00",148,13,-7.588,-3.806,-3.541,-3.882,-4.136,-4.145,-4.141,-5.052,-4.255,-4.433,-3.866,-3.704,-3.68,-3.552,-3.631,-3.617,-2.534,-2.221,-2.824
"2022-04-20 06:00:00",149,12.95,-8.04,-4.663,-3.558,-3.873,-4.238,-4.178,-4.149,-5.659,-4.381,-4.834,-4.236,-3.92,-3.834,-3.955,-3.73,-3.636,-3.948,-2.801,-2.985
"2022-04-20 09:00:00",150,14.87,-3.298,-4.934,-3.439,-3.681,-4.164,-4.028,-3.942,-5.68,-4.31,-4.909,-4.252,-3.913,-3.848,-4.06,-3.65,-3.489,-4.399,-3.109,-2.957
"2022-04-20 12:00:00",151,14.66,4.687,-4.423,-3.179,-3.361,-3.907,-3.73,-3.578,-4.779,-4.039,-4.56,-3.77,-3.585,-3.571,-3.67,-3.324,-3.171,-3.017,-2.903,-2.721
"2022-04-20 15:00:00",152,14.44,8.45,-3.159,-3.032,-3.204,-3.731,-3.592,-3.426,-3.485,-3.904,-4.09,-3.221,-3.369,-3.275,-3.206,-3.058,-2.98,-0.656,-2.136,-2.458
"2022-04-20 18:00:00",153,14.36,7.817,-0.571,-2.993,-3.233,-3.646,-3.59,-3.458,-2.632,-3.824,-3.627,-2.739,-3.198,-3.052,-2.673,-2.87,-2.903,0.553,-0.39,-1.969
"2022-04-20 21:00:00",154,14.32,4.089,1.163,-3.027,-3.37,-3.636,-3.66,-3.582,-2.688,-3.773,-3.404,-2.513,-3.037,-3.001,-2.463,-2.882,-2.967,0.821,-0.067,-1.814
"2022-04-21 00:00:00",155,13.19,-2.81,-1.532,-3.204,-3.622,-3.798,-3.859,-3.836,-3.611,-3.895,-3.654,-2.83,-3.107,-3.152,-2.786,-3.1,-3.152,0.302,-0.548,-1.997
"2022-04-21 03:00:00",156,12.98,-5.265,-3.156,-3.231,-3.677,-3.872,-3.922,-3.933,-4.437,-4.001,-4.046,-3.366,-3.333,-3.312,-3.392,-3.295,-3.232,-1.966,-1.086,-2.162
"2022-04-21 06:00:00",157,12.93,-5.903,-4.112,-3.226,-3.648,-3.941,-3.934,-3.933,-4.889,-4.077,-4.328,-3.729,-3.515,-3.422,-3.854,-3.444,-3.258,-3.523,-1.927,-2.35
"2022-04-21 09:00:00",158,14.91,-2.691,-4.441,-3.152,-3.496,-3.906,-3.836,-3.796,-4.969,-4.034,-4.4,-3.797,-3.572,-3.489,-3.903,-3.44,-3.199,-3.787,-2.478,-2.446
"2022-04-21 12:00:00",159,14.78,5.203,-3.753,-2.872,-3.147,-3.618,-3.521,-3.44,-4.111,-3.744,-4.054,-3.244,-3.247,-3.223,-3.302,-3.096,-2.904,-2.081,-2.293,-2.258
"2022-04-21 15:00:00",160,14.54,9.51,-2.115,-2.685,-2.951,-3.375,-3.331,-3.243,-2.832,-3.532,-3.532,-2.574,-2.897,-2.867,-2.687,-2.757,-2.662,0.247,-1.249,-1.967
"2022-04-21 18:00:00",161,14.3,10.8,0.411,-2.52,-2.876,-3.16,-3.22,-3.194,-1.967,-3.382,-3.033,-2.074,-2.692,-2.553,-2.061,-2.46,-2.481,1.633,1.109,-1.412
"2022-04-21 21:00:00",162,14.31,5.561,1.041,-2.581,-3.052,-3.172,-3.306,-3.339,-2.019,-3.356,-2.856,-1.87,-2.514,-2.443,-1.844,-2.447,-2.51,2.022,2.223,-1.078
"2022-04-22 00:00:00",163,13.21,-2.545,-0.302,-2.801,-3.341,-3.366,-3.535,-3.626,-2.961,-3.525,-3.163,-2.267,-2.633,-2.612,-2.204,-2.686,-2.711,1.561,1.557,-1.225
"2022-04-22 03:00:00",164,12.99,-4.979,-2.467,-2.818,-3.389,-3.439,-3.596,-3.726,-3.907,-3.643,-3.584,-2.954,-2.922,-2.801,-3.036,-2.904,-2.783,-1.252,0.73,-1.415
"2022-04-22 06:00:00",165,12.93,-3.307,-3.535,-2.711,-3.244,-3.432,-3.505,-3.616,-4.297,-3.605,-3.779,-3.176,-3.023,-2.837,-3.236,-2.956,-2.714,-2.629,-0.527,-1.565
"2022-04-22 09:00:00",166,14.65,-0.098,-3.458,-2.638,-3.072,-3.406,-3.407,-3.463,-4.108,-3.526,-3.783,-3.013,-2.97,-2.833,-2.935,-2.833,-2.614,-2.368,-1.392,-1.694
"2022-04-22 12:00:00",167,14.74,5.983,-2.261,-2.481,-2.808,-3.133,-3.17,-3.199,-3.138,-3.299,-3.472,-2.311,-2.653,-2.663,-2.028,-2.436,-2.388,-0.594,-1.184,-1.612
"2022-04-22 15:00:00",168,14.55,10.78,-0.517,-2.263,-2.577,-2.694,-2.878,-2.957,-1.878,-3.029,-2.924,-1.467,-2.173,-2.273,-1.186,-1.965,-2.086,1.41,-0.01,-1.339
"2022-04-22 18:00:00",169,14.32,11.5,1.594,-2.015,-2.51,-2.389,-2.703,-2.888,-1.162,-2.863,-2.437,-0.995,-1.879,-1.902,-0.777,-1.677,-1.856,2.803,3.396,-0.569
"2022-04-22 21:00:00",170,14.26,7.165,2.573,-1.937,-2.634,-2.343,-2.715,-2.985,-1.106,-2.808,-2.225,-0.714,-1.62,-1.596,-0.683,-1.646,-1.801,3.599,3.831,-0.006
"2022-04-23 00:00:00",171,13.22,1.66,1.346,-2.072,-2.783,-2.38,-2.798,-3.132,-1.609,-2.843,-2.35,-0.807,-1.503,-1.56,-1.047,-1.775,-1.88,3.232,3.056,-0.244
"2022-04-23 03:00:00",172,12.99,-1.597,-1.138,-2.111,-2.826,-2.458,-2.838,-3.207,-2.371,-2.893,-2.615,-1.398,-1.634,-1.648,-1.756,-1.994,-1.963,0.566,2.112,-0.572
"2022-04-23 06:00:00",173,12.99,-3.381,-2.64,-2.181,-2.846,-2.655,-2.923,-3.267,-3.114,-2.996,-2.919,-2.037,-1.962,-1.876,-2.409,-2.252,-2.098,-1.568,0.546,-0.938
"2022-04-23 09:00:00",174,14.88,0.674,-2.731,-2.103,-2.625,-2.654,-2.807,-3.087,-3.24,-2.875,-2.949,-2.038,-2.042,-1.972,-2.274,-2.202,-2.013,-1.511,-0.434,-1.08
"2022-04-23 12:00:00",175,14.71,7.665,-1.54,-1.91,-2.307,-2.424,-2.554,-2.766,-2.35,-2.594,-2.624,-1.285,-1.686,-1.79,-1.59,-1.855,-1.753,0.439,-0.208,-0.952
"2022-04-23 15:00:00",176,14.43,10.03,0.731,-1.682,-2.176,-2.222,-2.432,-2.649,-1.3,-2.484,-2.239,-0.277,-1.334,-1.478,-1.096,-1.612,-1.594,2.433,1.943,-0.492
"2022-04-23 18:00:00",177,14.38,10.51,4.418,-1.208,-2.123,-2.032,-2.332,-2.589,-0.613,-2.363,-1.825,1.724,-0.223,-0.54,-0.435,-1.331,-1.288,4.179,4.391,0.696
"2022-04-23 21:00:00",178,14.26,8.63,4.235,-0.932,-2.142,-1.918,-2.274,-2.572,-0.352,-2.228,-1.564,2.3,0.903,0.441,-0.207,-1.089,-0.903,5.224,4.547,0.673
"2022-04-24 00:00:00",179,13.23,1.681,3.014,-1.077,-2.336,-2.063,-2.44,-2.783,-0.946,-2.344,-1.79,2.008,1.044,0.536,-0.44,-1.138,-0.96,5.003,4.01,0.352
"2022-04-24 03:00:00",180,13,-0.499,1.461,-1.103,-2.329,-2.101,-2.46,-2.833,-1.731,-2.394,-2.09,1.397,0.893,0.471,-0.826,-1.161,-0.998,4.648,3.4,0.15
"2022-04-24 06:00:00",181,13.03,-1.168,-0.491,-1.119,-2.27,-2.173,-2.467,-2.822,-2.267,-2.426,-2.323,0.643,0.558,0.351,-1.267,-1.244,-1.037,3.118,2.589,-0.026
"2022-04-24 09:00:00",182,14.84,1.703,-1.298,-1.112,-2.096,-2.15,-2.38,-2.695,-2.389,-2.365,-2.389,0.269,0.186,0.133,-1.252,-1.232,-0.998,1.432,1.836,-0.103
"2022-04-24 12:00:00",183,14.63,9.45,-0.244,-0.907,-1.74,-1.833,-2.065,-2.347,-1.443,-2.055,-2.027,0.96,0.34,0.094,-0.503,-0.886,-0.751,2.601,1.869,0.104
"2022-04-24 15:00:00",184,14.55,13.05,1.961,-0.473,-1.561,-1.555,-1.868,-2.169,-0.386,-1.869,-1.567,2.591,1.106,0.536,0.031,-0.595,-0.548,4.725,2.992,0.524
"2022-04-24 18:00:00",185,14.53,12.93,4.314,0.297,-1.532,-1.373,-1.775,-2.119,0.559,-1.757,-1.169,4.916,3.899,2.001,0.438,-0.375,-0.25,6.005,4.197,0.971
"2022-04-24 21:00:00",186,14.03,7.473,4.572,0.556,-1.675,-1.391,-1.84,-2.233,0.717,-1.739,-1.003,5.332,4.998,2.603,0.632,-0.195,0.024,5.822,3.989,0.909
"2022-04-25 00:00:00",187,13.2,3.174,3.896,0.494,-1.745,-1.426,-1.902,-2.343,0.522,-1.759,-1.039,5.125,3.915,2.406,0.671,-0.126,0.006,5.604,3.622,0.794
"2022-04-25 03:00:00",188,12.98,-0.8,2.837,0.308,-1.802,-1.53,-1.987,-2.452,-0.136,-1.83,-1.311,4.776,3.416,2.06,0.517,-0.17,-0.131,5.435,2.983,0.59
"2022-04-25 06:00:00",189,12.98,-2.827,1.016,0.17,-1.802,-1.652,-2.052,-2.51,-1.295,-1.932,-1.727,4.081,3,1.772,0.039,-0.299,-0.289,4.9,2.078,0.322
"2022-04-25 09:00:00",190,14.47,0.855,-0.354,0.228,-1.571,-1.599,-1.911,-2.325,-1.855,-1.846,-1.913,3.28,2.664,1.6,-0.191,-0.289,-0.268,3.522,1.606,0.27
"2022-04-25 12:00:00",191,14.28,7.583,0.183,0.478,-1.238,-1.386,-1.641,-1.987,-1.021,-1.581,-1.648,4.192,2.722,1.639,0.259,-0.059,-0.067,3.9,2.203,0.532
"2022-04-25 15:00:00",192,14.49,7.317,3.151,0.953,-1.213,-1.326,-1.634,-1.951,0.025,-1.597,-1.367,5.771,3.374,1.744,0.782,0.002,-0.008,5.111,2.826,0.656
"2022-04-25 18:00:00",193,14.55,6.537,5.7,1.365,-1.213,-1.207,-1.587,-1.928,0.817,-1.522,-0.998,5.716,4.296,2.296,1.213,0.508,0.603,5.765,3.358,0.878
"2022-04-25 21:00:00",194,14.35,4.676,5.679,1.502,-1.204,-1.133,-1.56,-1.941,1.016,-1.417,-0.794,5.645,4.424,2.406,1.402,1.096,1.037,5.701,3.286,0.959
"2022-04-26 00:00:00",195,13.23,-1.631,4.89,1.315,-1.352,-1.316,-1.737,-2.138,0.223,-1.525,-1.047,5.445,4.122,2.091,0.786,1.011,0.91,5.25,2.494,0.689
"2022-04-26 03:00:00",196,13.01,-5.133,2.252,1.2,-1.38,-1.492,-1.861,-2.264,-1.19,-1.679,-1.559,5.199,3.641,1.71,-0.189,0.662,0.614,2.874,1.44,0.351
"2022-04-26 06:00:00",197,13.05,-6.099,-0.434,1.09,-1.331,-1.675,-1.931,-2.284,-2.391,-1.817,-2.065,3.772,3.009,1.174,-0.921,0.277,0.257,0.37,0.574,0.05
"2022-04-26 09:00:00",198,14.95,-1.741,-1.347,0.991,-1.123,-1.71,-1.843,-2.104,-2.816,-1.801,-2.312,2.652,2.43,0.691,-0.919,0.084,0.091,0.279,0.402,0.003
"2022-04-26 12:00:00",199,14.84,2.794,-0.385,0.992,-0.915,-1.642,-1.711,-1.875,-1.887,-1.711,-2.201,3.094,2.368,0.677,-0.35,0.087,0.11,2.731,1.334,0.231
"2022-04-26 15:00:00",200,14.96,0.683,1.965,1.169,-1.045,-1.738,-1.848,-1.972,-0.927,-1.866,-2.012,3.507,2.314,0.727,0.024,-0.036,-0.026,5.462,1.728,0.279
"2022-04-26 18:00:00",201,15.03,-1.465,2.575,1.397,-1.176,-1.782,-1.94,-2.065,-0.603,-1.907,-1.753,3.104,2.199,0.847,-0.214,0.1,0.139,5.396,1.389,0.241
"2022-04-26 21:00:00",202,14.45,-5.89,1.173,1.301,-1.348,-1.898,-2.091,-2.235,-1.251,-2.022,-1.771,1.893,1.674,0.572,-1.147,0.002,0.116,4.361,0.54,-0.047
"2022-04-27 00:00:00",203,13.3,-8,-0.694,1.174,-1.371,-1.932,-2.133,-2.307,-2.101,-2.124,-1.989,0.616,0.914,0.126,-1.653,-0.349,-0.133,1.082,-0.176,-0.328
"2022-04-27 03:00:00",204,13.06,-9.02,-1.818,0.859,-1.374,-2.018,-2.171,-2.338,-2.72,-2.237,-2.299,-0.414,0.175,-0.297,-1.906,-0.608,-0.41,-0.661,-0.633,-0.528
"2022-04-27 06:00:00",205,12.98,-9.88,-2.561,0.343,-1.414,-2.185,-2.26,-2.382,-3.234,-2.385,-2.628,-1.226,-0.504,-0.696,-2.12,-0.861,-0.681,-1.681,-1.077,-0.726
"2022-04-27 09:00:00",206,14.97,-7.914,-2.847,-0.165,-1.403,-2.286,-2.29,-2.356,-3.477,-2.47,-2.856,-1.577,-1.007,-1.051,-2.221,-1.037,-0.865,-1.806,-1.271,-0.833
"2022-04-27 12:00:00",207,14.56,-3.803,-1.847,-0.365,-1.287,-2.18,-2.167,-2.176,-2.798,-2.366,-2.763,-0.78,-0.822,-1.012,-1.899,-0.988,-0.805,0.562,-0.762,-0.705
"2022-04-27 15:00:00",208,14.6,-3.271,0.389,-0.414,-1.331,-2.117,-2.174,-2.189,-1.873,-2.434,-2.611,-0.01,-0.539,-0.87,-1.551,-0.985,-0.82,3.579,-0.318,-0.694
"2022-04-27 18:00:00",209,14.71,-2.568,1.489,-0.392,-1.358,-2.002,-2.112,-2.139,-1.205,-2.333,-2.216,0.339,-0.145,-0.557,-1.253,-0.688,-0.444,2.847,-0.007,-0.565
"2022-04-27 21:00:00",210,14.75,-5.991,0.504,-0.594,-1.522,-2.092,-2.22,-2.26,-1.472,-2.355,-2.112,-0.327,-0.274,-0.597,-1.729,-0.585,-0.317,1.091,-0.356,-0.678
"2022-04-28 00:00:00",211,13.31,-10.25,-1.619,-0.909,-1.666,-2.246,-2.371,-2.433,-2.294,-2.479,-2.331,-1.776,-0.995,-0.972,-2.601,-0.875,-0.61,-1.621,-1.349,-0.994
"2022-04-28 03:00:00",212,13.05,-9.72,-3.03,-1.262,-1.619,-2.282,-2.369,-2.441,-3.183,-2.537,-2.664,-2.787,-1.791,-1.425,-3.061,-1.151,-0.929,-3.182,-2.157,-1.243
"2022-04-28 06:00:00",213,13.13,-4.418,-2.933,-1.395,-1.394,-2.213,-2.198,-2.228,-3.498,-2.43,-2.821,-2.523,-1.918,-1.575,-2.609,-1.225,-0.982,-2.817,-2.153,-1.224
"2022-04-28 09:00:00",214,14.85,1.758,-2.426,-1.318,-1.186,-2.125,-2.03,-1.987,-3.174,-2.295,-2.755,-1.76,-1.668,-1.519,-2.166,-1.127,-0.884,-1.36,-1.661,-1.04
"2022-04-28 12:00:00",215,14.67,8.98,-0.666,-0.894,-0.947,-1.845,-1.778,-1.695,-1.823,-2.044,-2.345,0.382,-0.613,-1.009,-1.371,-0.857,-0.633,3.264,-0.035,-0.59
