"TOA5","MAT89_CR23XPB7","","","","","","Daily"
"TIMESTAMP","RECORD","BattV_MIN","ProgSig","CT_Temp_AVG","CT_Temp_MAX","CT_Temp_MIN","GH_Temp_AVG","GH_Temp_MAX","GH_Temp_MIN","SH_Temp_AVG","SH_Temp_MAX","SH_Temp_MIN","WS_ms_AVG","WS_ms_MAX","WS_ms_MIN","Rain_mm_TOT"
"TS","RN","","","","","","","","","","","","","","",""
"","","","","","","","","","","","","","","","",""
"2021-09-03 00:00:00",0,12.42,1942,5.098,8.56,2.584,5.185,8.82,2.32,5.429,8.99,2.534,2.83,5.994,0,0
"2021-09-04 00:00:00",1,12.42,1942,9.61,14.53,3.599,9.1,14.94,2.481,9.22,15.12,2.663,2.595,6.1,0,0
"2021-09-05 00:00:00",2,12.39,1942,9.76,16.38,2.911,9.27,16.88,2.086,9.43,17.16,2.152,3.714,6.354,0.86,0
"2021-09-06 00:00:00",3,12.39,1942,2.793,7.324,-1.202,2.865,7.639,-1.301,2.974,8.1,-1.202,3.37,6.354,0.687,1.778
"2021-09-07 00:00:00",4,12.38,1942,2.208,7.576,-1.68,2.188,7.654,-1.796,2.291,7.836,-1.664,2.524,7.447,0,2.286
"2021-09-08 00:00:00",5,12.43,1942,7.876,11.25,4.305,7.595,11.28,3.777,7.739,11.46,3.992,6.243,9.49,2.567,0
"2021-09-09 00:00:00",6,12.4,1942,8.36,14.17,3.011,7.957,14.45,1.921,8.1,15.16,1.921,4.511,8.5,0,0
"2021-09-10 00:00:00",7,12.38,1942,6.927,13.04,1.234,6.4,13.24,0.409,6.501,13.41,0.508,2.473,4.207,0,0
"2021-09-11 00:00:00",8,12.39,1942,8.39,15.94,2.371,7.856,16.83,1.513,7.982,16.82,1.595,2.67,6.314,0,0
"2021-09-12 00:00:00",9,12.4,1942,5.576,9.13,1.15,5.11,9.41,0.211,5.204,9.46,0.293,2.533,7.754,0,2.032
"2021-09-13 00:00:00",10,12.4,1942,6.393,11.78,0.825,5.879,12.29,-0.033,6.004,12.57,-0.429,2.549,5.727,0,0
"2021-09-14 00:00:00",11,12.4,1942,2.266,7.647,-2.734,2.014,8.14,-3.393,2.128,8.42,-3.245,2.423,4.194,0,0
"2021-09-15 00:00:00",12,12.39,1942,2.637,8.9,-3.501,2.23,9.33,-4.772,2.29,9.24,-4.641,1.875,4.847,0,0
"2021-09-16 00:00:00",13,12.4,1942,3.834,7.773,-1.779,3.502,8.37,-2.455,3.601,8.76,-2.422,2.602,5.407,0,6.35
"2021-09-17 00:00:00",14,12.37,1942,2.211,7.964,-1.677,1.743,8.13,-2.585,1.825,8.23,-2.469,2.74,5.314,0,0
"2021-09-18 00:00:00",15,12.35,1942,-1.379,0.505,-4.329,-1.44,0.835,-4.362,-1.332,1.115,-4.329,2.815,4.487,0,0.762
"2021-09-19 00:00:00",16,12.34,1942,-5.119,-1.941,-8.82,-5.343,-0.771,-9.32,-5.205,-1.627,-9.2,2.191,4.687,0,1.524
"2021-09-20 00:00:00",17,12.42,1942,-5.907,-1.241,-12.59,-6.463,-1.752,-13.93,-6.402,-1.703,-13.91,3.092,6.86,0.674,0
"2021-09-21 00:00:00",18,12.38,1942,-6.203,-3.655,-13.1,-6.5,-3.701,-13.93,-6.401,-3.341,-13.91,5.219,9.19,1.514,0
"2021-09-22 00:00:00",19,12.42,1942,-5.325,-4.54,-6.813,-5.479,-4.672,-6.862,-5.348,-4.491,-6.747,5.969,11.61,2.14,0
"2021-09-23 00:00:00",20,12.41,1942,-9.25,-4.859,-16.06,-9.68,-4.975,-17.18,-9.56,-4.678,-17.3,2.61,6.354,0,0
"2021-09-24 00:00:00",21,12.4,1942,-11.89,-5.583,-16.48,-12.2,-4.372,-17.51,-12.1,-6.027,-17.14,1.735,3.714,0,0
"2021-09-25 00:00:00",22,12.44,1942,-11.49,-8.43,-16.58,-11.88,-8.03,-17.59,-11.89,-8.66,-17.51,1.828,3.714,0,0
"2021-09-26 00:00:00",23,12.43,1942,-10.73,-4.814,-17.92,-12.27,-5.623,-18.56,-12.2,-6.482,-18.58,2.804,5.18,0,0
"2021-09-27 00:00:00",24,12.47,1942,-4.276,-0.888,-11.6,-4.757,-1.02,-12.71,-4.625,-0.938,-12.81,2.905,5.274,1.074,0
"2021-09-28 00:00:00",25,12.39,1942,-5.411,-0.441,-9.51,-6.685,-2.238,-10.68,-6.607,-2.404,-10.63,3.439,5.3,0,0
"2021-09-29 00:00:00",26,12.41,1942,-9.1,-4.08,-14.05,-10.29,-4.031,-15.66,-10.22,-3.783,-15.54,2.216,4.394,0,0
"2021-09-30 00:00:00",27,12.41,1942,-9.97,-6.961,-15.01,-10.52,-7.011,-16.48,-10.37,-6.913,-16.05,1.719,3.42,0,0
"2021-10-01 00:00:00",28,12.44,1942,-8.01,-7.228,-8.81,-8.11,-7.311,-8.94,-7.972,-6.946,-8.89,2.503,4.66,0,0
"2021-10-02 00:00:00",29,12.39,1942,-7.912,-5.557,-10.32,-8.15,-5.937,-10.72,-8.07,-6.102,-10.91,2.582,6.474,0,0
"2021-10-03 00:00:00",30,12.41,1942,-6.388,-5.33,-7.372,-6.497,-5.296,-7.604,-6.393,-5.296,-7.504,2.498,6.314,0,0
"2021-10-04 00:00:00",31,12.36,1942,-7.954,-3.698,-14.57,-8.52,-5.033,-15.17,-8.43,-4.342,-15,0,0,0,0
"2021-10-05 00:00:00",32,12.36,1942,-4.465,1.523,-11.19,-5.326,2.15,-12.46,-5.403,-0.936,-12.49,0.78,7.14,0,0
"2021-10-06 00:00:00",33,12.38,1942,-1.962,-0.835,-3.379,-2.474,-1.33,-4.023,-2.411,-1.231,-3.858,8.64,12.87,4.314,0.254
"2021-10-07 00:00:00",34,12.38,1942,-1.446,0.231,-2.958,-1.986,-0.033,-3.668,-1.932,-0.165,-3.585,8.14,12.21,4.407,0
"2021-10-08 00:00:00",35,12.36,1942,-2.817,-0.584,-7.911,-3.703,-1.145,-9.78,-3.621,-0.998,-9.89,3.646,6.7,1.62,0
"2021-10-09 00:00:00",36,12.34,1942,-8.86,-3.035,-15.92,-10.29,-3.465,-16.66,-10.65,-4.406,-16.83,1.673,4.767,0,0
"2021-10-10 00:00:00",37,12.35,1942,-9.99,-7.517,-15.42,-10.13,-7.569,-16.07,-10.05,-7.47,-16.07,0.581,2.5,0,0
"2021-10-11 00:00:00",38,12.35,1942,-6.531,-4.815,-8.11,-6.923,-5.034,-8.31,-6.854,-5.034,-8.24,1.44,3.02,0,0
"2021-10-12 00:00:00",39,12.34,1942,-7.126,-4.073,-12.69,-8.09,-4.668,-13.52,-8.12,-4.618,-13.75,4.568,7.247,0,0
"2021-10-13 00:00:00",40,12.35,1942,-8.55,-3.067,-13.23,-9.75,-1.779,-14.16,-9.94,-3.034,-14.19,1.955,5.354,0,0
"2021-10-14 00:00:00",41,12.35,1942,-11.66,-9.62,-13.81,-11.9,-10.05,-14.13,-11.78,-10.04,-13.91,1.533,3.274,0,0
"2021-10-15 00:00:00",42,12.28,1942,-14.85,-12.36,-18.59,-16.24,-13.75,-19.25,-16.06,-13.48,-19.17,1.523,2.607,0,0
"2021-10-16 00:00:00",43,12.32,1942,-13.92,-11.12,-17.97,-14.7,-11.88,-19.31,-14.66,-11.85,-19.39,1.673,4.18,0,0
"2021-10-17 00:00:00",44,12.23,1942,-11.39,-6.717,-16.91,-11.96,-7.279,-18.71,-11.93,-7.163,-18.65,1.924,4.567,0,0
"2021-10-18 00:00:00",45,12.29,1942,-13.55,-9.03,-15.1,-13.8,-9.46,-15.93,-13.71,-9.41,-16.73,1.276,3.54,0,0
"2021-10-19 00:00:00",46,12.28,1942,-17.37,-14.65,-20.15,-18.57,-15.23,-21.58,-18.57,-15.28,-21.32,1.824,4.26,0,0
"2021-10-20 00:00:00",47,12.33,1942,-6.032,-0.862,-19.2,-6.995,-1.42,-19.53,-7.058,-1.387,-20.05,3.764,11.27,0,0
"2021-10-21 00:00:00",48,12.42,1942,-2.541,0.484,-5.441,-3.692,0.251,-7.387,-3.8,-0.573,-7.206,5.03,10.39,0,0
"2021-10-22 00:00:00",49,12.44,1942,-2.142,2.03,-6.824,-3.419,1.436,-8.61,-3.48,1.42,-9,3.055,7.847,0,0
"2021-10-23 00:00:00",50,12.38,1942,-9,-3.699,-13.1,-9.74,-4.872,-15.15,-9.88,-5.417,-15.33,0.785,3.487,0,0
"2021-10-24 00:00:00",51,12.36,1942,-8.85,-6.481,-10.08,-8.94,-5.54,-10.46,-8.95,-6.365,-10.49,0.287,1.767,0,0
"2021-10-25 00:00:00",52,12.35,1942,-6.405,-1.882,-12.16,-7.146,-3.401,-13.55,-6.968,-2.806,-13.42,1.695,3.887,0,0
"2021-10-26 00:00:00",53,12.37,1942,-4.665,-1.869,-6.617,-5.116,-2.629,-6.945,-5.088,-2.43,-7.06,1.352,4.22,0,0
"2021-10-27 00:00:00",54,12.37,1942,-6.611,-4.174,-8.79,-6.763,-4.603,-8.89,-6.676,-4.388,-8.79,1.895,5.154,0,0
"2021-10-28 00:00:00",55,12.36,1942,-10.18,-7.755,-12.07,-10.63,-8.82,-12.5,-10.69,-8.74,-13.34,0.732,3.207,0,0
"2021-10-29 00:00:00",56,12.35,1942,-10.3,-6.667,-14.19,-12.13,-8.37,-16.22,-11.99,-8.01,-16.11,3.127,4.914,0,0
"2021-10-30 00:00:00",57,12.41,1942,-11.52,-8.12,-14.52,-12.77,-9.55,-15.53,-12.74,-9.5,-15.45,3.868,6.087,0,0
"2021-10-31 00:00:00",58,12.44,1942,-5.755,0.439,-12.49,-6.479,-0.157,-13.42,-6.454,-0.092,-13.39,4.919,11.15,0,0
"2021-11-01 00:00:00",59,12.45,1942,0.725,2.508,-1.052,0.063,1.732,-1.63,0.091,1.716,-1.564,8.75,14.43,2.927,0
"2021-11-02 00:00:00",60,12.44,1942,-6.871,0.961,-13.33,-7.301,0.119,-15.58,-7.275,0.152,-16.29,3.684,12.11,0,0
"2021-11-03 00:00:00",61,12.37,1942,-7.15,-0.208,-15.01,-8.04,-0.753,-15.84,-8.03,-0.786,-15.99,2.864,6.46,0,0
"2021-11-04 00:00:00",62,12.36,1942,-8.24,-4.25,-10.75,-8.51,-5.192,-10.8,-8.45,-5.472,-10.74,1.475,4.074,0,0
"2021-11-05 00:00:00",63,12.34,1942,-10.7,-5.759,-14.67,-11.62,-6.982,-15.35,-11.64,-7.13,-15.46,2.222,5.22,0,0
"2021-11-06 00:00:00",64,12.37,1942,-2.17,1.096,-7.264,-2.849,0.238,-7.974,-2.808,0.188,-7.908,6.488,9.46,0,0
"2021-11-07 00:00:00",65,12.36,1942,-5.099,-2.195,-8.54,-6.029,-2.937,-9.33,-6.048,-3.037,-9.51,4.461,11.58,0,0
"2021-11-08 00:00:00",66,12.35,1942,-9.29,-6.956,-10.42,-9.42,-7.154,-10.47,-9.32,-7.154,-10.4,1.686,3.714,0,0
"2021-11-09 00:00:00",67,12.33,1942,-12.29,-9.61,-16.98,-12.6,-9.74,-17.01,-12.54,-9.63,-16.91,1.398,4.354,0,0
"2021-11-10 00:00:00",68,12.31,1942,-22.08,-16.82,-27.21,-23.63,-16.82,-27.97,-23.56,-16.73,-27.84,1.448,4.86,0,0
"2021-11-11 00:00:00",69,12.29,1942,-21.73,-18.67,-25.1,-24.07,-21.96,-26.88,-23.66,-20.62,-26.8,0.878,1.927,0,0
"2021-11-12 00:00:00",70,12.29,1942,-17.03,-13.68,-22.9,-17.56,-13.7,-24.12,-17.36,-13.73,-23.71,1.779,3.487,0,0
"2021-11-13 00:00:00",71,12.29,1942,-15.01,-13.71,-15.71,-15.08,-13.76,-15.96,-15.04,-13.76,-16.04,0.517,2.354,0,0
"2021-11-14 00:00:00",72,12.28,1942,-16.7,-14.45,-21.68,-16.74,-14.6,-21.53,-16.72,-14.47,-21.48,0.931,2.967,0,0
"2021-11-15 00:00:00",73,12.27,1942,-20.52,-18.26,-23.85,-20.59,-18.31,-23.57,-20.51,-18.23,-23.61,1.807,3.087,0,0
"2021-11-16 00:00:00",74,12.25,1942,-20.38,-18.08,-24.06,-20.92,-18.21,-24.9,-20.77,-18.15,-24.57,1.502,4.154,0,0
"2021-11-17 00:00:00",75,12.21,1942,-25.65,-19.9,-30,-26.77,-19.93,-32.88,-26.43,-19.9,-32.02,1.469,4.794,0,0
"2021-11-18 00:00:00",76,12.2,1942,-28.79,-24.85,-31.73,-29.88,-24.67,-33.68,-29.5,-24.57,-33.12,1.073,1.834,0,0
"2021-11-19 00:00:00",77,12.2,1942,-23.26,-18.71,-26.93,-24.4,-19.12,-29.3,-24.02,-18.86,-29.08,0.947,2.207,0,0
"2021-11-20 00:00:00",78,12.21,1942,-16.91,-15.86,-19.07,-17.09,-16.04,-19.32,-17.05,-16.02,-19.24,3.243,5.847,1.274,0
"2021-11-21 00:00:00",79,12.21,1942,-18.67,-16.2,-20.89,-18.66,-16.28,-21.42,-18.67,-16.28,-21.57,2.218,4.554,0,0
"2021-11-22 00:00:00",80,12.17,1942,-26.44,-20.46,-33.08,-27.79,-20.81,-34.49,-27.78,-20.72,-34.49,0.938,2.834,0,0
"2021-11-23 00:00:00",81,12.15,1942,-30.82,-28.49,-34.47,-31.85,-28.63,-35.45,-31.64,-28.57,-35.25,1.232,3.007,0,0
"2021-11-24 00:00:00",82,12.13,1942,-32.55,-30.78,-35.23,-34.62,-33.56,-36.01,-33.95,-32.35,-35.93,1.46,2.674,0,0
"2021-11-25 00:00:00",83,12.12,1942,-33.45,-31.97,-35.75,-35.07,-33.43,-36.66,-34.57,-33,-36.89,0.611,1.754,0,0
"2021-11-26 00:00:00",84,12.09,1942,-35.54,-33.23,-37.7,-37.65,-33.48,-39.35,-36.87,-33.41,-38.77,0.83,1.46,0,0
"2021-11-27 00:00:00",85,12.09,1942,-31.64,-30.11,-33.33,-32.1,-30.54,-34.01,-31.92,-30.2,-33.74,0.437,1.26,0,0
"2021-11-28 00:00:00",86,12.08,1942,-34.81,-31.84,-38.56,-36.56,-32.47,-39.57,-36.03,-32.3,-39.54,0.53,1.554,0,0
"2021-11-29 00:00:00",87,12.06,1942,-36.32,-32.96,-39.04,-37.97,-35.88,-39.54,-37.28,-35.23,-39.34,1.364,1.887,0,0
"2021-11-30 00:00:00",88,12.05,1942,-35.72,-33.43,-38.94,-38,-36.52,-39.57,-37.37,-35.45,-39.57,0.72,1.7,0,0
"2021-12-01 00:00:00",89,12.04,1942,-38.13,-36.29,-39.57,-39.02,-36.85,-39.57,-38.87,-36.51,-39.57,0.094,0.94,0,0
"2021-12-02 00:00:00",90,12.04,1942,-36.13,-35.22,-37.67,-36.81,-34.97,-39.3,-36.52,-34.97,-38.79,0.001,0.46,0,0
"2021-12-03 00:00:00",91,12.04,1942,-33.2,-26.52,-37.91,-33.97,-27.76,-39.21,-33.68,-27.43,-38.53,1.28,2.754,0,0
"2021-12-04 00:00:00",92,12.06,1942,-17.91,-14.62,-27.33,-18.67,-15.23,-28.2,-18.52,-15.16,-28.32,9.21,15.06,2.194,0
"2021-12-05 00:00:00",93,12.06,1942,-12.42,-9.57,-15.89,-12.96,-10.02,-16.47,-12.89,-9.92,-16.27,7.701,13.05,0,0
"2021-12-06 00:00:00",94,12.07,1942,-8.69,-4.495,-12.97,-9.27,-5.106,-13.45,-9.24,-5.288,-13.4,8.6,16.23,0,0
"2021-12-07 00:00:00",95,12.09,1942,-6.458,-4.382,-8.23,-7.043,-5.126,-8.81,-7.038,-5.126,-8.79,8.09,12.93,2.927,0
"2021-12-08 00:00:00",96,12.09,1942,-9.56,-6.277,-15.26,-10.08,-7.02,-15.51,-10.09,-6.921,-15.55,2.935,8.67,0,0
"2021-12-09 00:00:00",97,12.05,1942,-19.66,-14.73,-24.27,-21.25,-14.92,-26.34,-21.06,-14.8,-26.67,1.482,2.98,0,0
"2021-12-10 00:00:00",98,12.04,1942,-19.15,-15.83,-23.35,-20.81,-16.53,-24.52,-20.8,-16.48,-24.87,1.796,4.487,0,0
"2021-12-11 00:00:00",99,12.02,1942,-24.53,-22.06,-28.55,-24.88,-22.04,-30.83,-24.84,-21.98,-31.99,2.334,4.38,0,0
"2021-12-12 00:00:00",100,11.99,1942,-27.84,-26.45,-29.92,-28.88,-27.21,-31.78,-28.97,-27.16,-31.69,2.113,6.407,0,0
"2021-12-13 00:00:00",101,11.98,1942,-29.9,-28.01,-32.82,-30.96,-28.16,-34.79,-31.02,-28.14,-35,1.545,4.314,0,0
"2021-12-14 00:00:00",102,11.96,1942,-32.54,-29.79,-35.41,-34.21,-32.2,-35.91,-34.32,-32.45,-37.12,1.472,5.114,0,0
"2021-12-15 00:00:00",103,11.96,1942,-33.32,-31.27,-35.48,-35.14,-33.16,-37.02,-35.01,-33.21,-36.99,1.187,3.5,0,0
"2021-12-16 00:00:00",104,11.95,1942,-26.13,-17.65,-35.6,-27.8,-17.98,-36.29,-27.67,-17.92,-36.21,4.823,13.59,0,0
"2021-12-17 00:00:00",105,11.98,1942,-14.74,-12.26,-17.95,-15.15,-12.64,-19.34,-15.12,-12.56,-19.11,8,14.15,0,0
"2021-12-18 00:00:00",106,11.98,1942,-14.07,-10.97,-18.91,-15.08,-11.63,-19.77,-15.15,-11.68,-19.88,3.111,7.954,0,0
"2021-12-19 00:00:00",107,11.99,1942,-10.36,-8.47,-11.89,-10.89,-8.97,-13.52,-10.86,-8.9,-13.67,3.494,8.39,0,0
"2021-12-20 00:00:00",108,11.99,1942,-6.795,2.334,-14.5,-7.623,1.228,-17.03,-7.669,0.188,-16.8,8.3,15.37,0.887,0
"2021-12-21 00:00:00",109,12.01,1942,-5.796,1.39,-14.39,-6.344,0.828,-14.21,-6.446,-0.013,-13.95,5.036,14.33,0,0
"2021-12-22 00:00:00",110,11.97,1942,-21.22,-11.04,-25.04,-21.22,-11.26,-24.89,-21.11,-11.09,-24.72,4.132,10.02,0,0
"2021-12-23 00:00:00",111,11.94,1942,-24.66,-21.45,-28.47,-25.42,-21.45,-29.43,-25.4,-21.35,-29.46,5.195,12.5,0,0
"2021-12-24 00:00:00",112,11.92,1942,-24.72,-22.69,-28.78,-25,-22.88,-29.48,-24.98,-22.83,-29.4,4.477,11.95,0,0
"2021-12-25 00:00:00",113,11.92,1942,-23.08,-18.28,-26.03,-23.35,-19.39,-26.39,-23.32,-19.5,-26.16,5.275,8.79,1.647,0
"2021-12-26 00:00:00",114,11.92,1942,-14.44,-8.07,-21.71,-15.46,-8.29,-22.89,-15.48,-8.37,-22.92,4.308,10.94,0,0
"2021-12-27 00:00:00",115,11.92,1942,-8.87,-2.705,-21.57,-9.05,-3.134,-21.51,-8.96,-3.119,-21.36,4.009,11.77,0,0
"2021-12-28 00:00:00",116,11.91,1942,-24.47,-21.45,-29.16,-25.35,-21.44,-31.05,-25.32,-21.22,-30.97,3.486,12.61,0,0
"2021-12-29 00:00:00",117,11.89,1942,-24.97,-15.92,-30.65,-26.21,-16.1,-31.71,-26.43,-16,-32.07,1.445,5.82,0,0
"2021-12-30 00:00:00",118,11.87,1942,-29.27,-20.18,-34.22,-30.43,-20.12,-35.8,-30.51,-20.03,-35.73,2.392,6.567,0,0
"2021-12-31 00:00:00",119,11.85,1942,-34.26,-31.76,-37.95,-36.21,-33.68,-39.21,-36.24,-33.71,-39.17,1.431,3.727,0,0
"2022-01-01 00:00:00",120,11.82,1942,-35.75,-33.15,-38.54,-37.16,-33.73,-39.57,-37.17,-33.66,-39.54,1.032,2.54,0,0
"2022-01-02 00:00:00",121,11.8,1942,-35.01,-31.87,-37.4,-36.96,-33.53,-39.16,-36.81,-33.28,-39.37,1.745,3.474,0,0
"2022-01-03 00:00:00",122,11.8,1942,-31.15,-27.45,-35.13,-33.73,-30.91,-36.62,-33.45,-30.48,-36.34,2.585,4.367,0,0
"2022-01-04 00:00:00",123,11.78,1942,-29.95,-25.36,-32.83,-31.36,-27.33,-33.58,-31.16,-27.33,-33.43,3.87,6.234,0.567,0
"2022-01-05 00:00:00",124,11.79,1942,-18.97,-10.33,-28.14,-20.67,-11.6,-29.71,-20.65,-11.52,-29.79,4.588,7.047,0.487,0
"2022-01-06 00:00:00",125,11.81,1942,-11.23,-8.08,-14.7,-11.83,-8.59,-14.74,-11.83,-8.74,-14.59,2.693,5.34,0,0
"2022-01-07 00:00:00",126,11.78,1942,-19.58,-13.02,-25.37,-20.29,-13.23,-28.47,-20.19,-13.17,-28.95,1.575,4.327,0,0
"2022-01-08 00:00:00",127,11.76,1942,-27.36,-23.88,-31.86,-29.27,-24.29,-34.49,-29,-24.21,-34.44,1.024,2.1,0,0
"2022-01-09 00:00:00",128,11.75,1942,-31.88,-28.96,-34.36,-34.23,-30.37,-36.14,-33.85,-29.97,-36.14,1.515,2.314,0,0
"2022-01-10 00:00:00",129,11.72,1942,-33.26,-31.14,-35.96,-36.1,-33.61,-38.33,-35.91,-33.44,-37.81,0.749,1.98,0,0
"2022-01-11 00:00:00",130,11.73,1942,-22.86,-12.53,-32.88,-26.21,-17.79,-36.34,-26.18,-17.53,-35.5,1,2.634,0,0
"2022-01-12 00:00:00",131,11.71,1942,-31.69,-18.42,-35.9,-32.27,-21.17,-36.72,-32.3,-20.74,-36.71,1.305,3.354,0,0
"2022-01-13 00:00:00",132,11.69,1942,-30.16,-27.56,-33.03,-32.03,-27.72,-34.79,-31.96,-27.76,-34.84,1.676,3.274,0,0
"2022-01-14 00:00:00",133,11.68,1942,-29.49,-26.92,-32.02,-29.95,-26.72,-33.69,-29.95,-26.73,-34.57,1.158,2.66,0,0
"2022-01-15 00:00:00",134,11.66,1942,-30.96,-29.76,-32.84,-30.71,-29.21,-33.43,-30.72,-29.25,-33.86,0.764,2.074,0,0
"2022-01-16 00:00:00",135,11.65,1942,-30.67,-28.63,-32.55,-31.1,-29.38,-33.38,-31.16,-29.4,-33.58,0.56,1.62,0,0
"2022-01-17 00:00:00",136,11.64,1942,-30.98,-27.15,-33.68,-31.18,-26.65,-34.37,-31.18,-26.75,-34.34,0.557,1.727,0,0
"2022-01-18 00:00:00",137,11.63,1942,-26.8,-19.92,-29.02,-26.57,-20.98,-29.41,-26.56,-20.76,-29.56,0.995,3.007,0,0
"2022-01-19 00:00:00",138,11.61,1942,-28.87,-26.01,-33.08,-30.16,-26.59,-34.77,-30.06,-26.55,-34.77,1.892,3.674,0,0
"2022-01-20 00:00:00",139,11.6,1942,-31.9,-28.47,-35.78,-34.2,-28.39,-36.77,-33.9,-28.35,-37.95,1.438,3.087,0,0
"2022-01-21 00:00:00",140,11.6,1942,-28.25,-22.84,-31.05,-29.46,-26.98,-31.86,-29.34,-26.53,-31.93,1.934,3.434,0,0
"2022-01-22 00:00:00",141,11.58,1942,-16.8,-6.387,-27.59,-19.72,-7.312,-29.03,-19.64,-7.262,-30.07,3.043,9.85,0,0
"2022-01-23 00:00:00",142,11.6,1942,-4.451,-1.191,-8.31,-5.183,-2.066,-8.8,-5.133,-2.065,-8.8,7.569,12.42,1.994,0
"2022-01-24 00:00:00",143,11.61,1942,-3.299,1.494,-8.85,-4.853,0.537,-11.42,-4.822,0.586,-11.44,4.084,9.54,0,0
"2022-01-25 00:00:00",144,11.61,1942,-0.517,1.311,-2.646,-1.27,0.502,-3.339,-1.262,0.502,-3.288,7.702,12.34,2.94,0
"2022-01-26 00:00:00",145,11.58,1942,-14.19,-1.357,-22.4,-14.39,-1.968,-22.87,-14.3,-1.852,-22.86,4.023,9.9,0,0
"2022-01-27 00:00:00",146,11.55,1942,-26.68,-21.09,-30.92,-28.23,-21.6,-31.86,-28.29,-21.62,-31.94,1.922,4.234,0,0
"2022-01-28 00:00:00",147,11.52,1942,-30.78,-28.05,-33.55,-33.03,-30.78,-34.94,-32.86,-30.78,-35.15,2.491,4.02,0,0
"2022-01-29 00:00:00",148,11.51,1942,-30.07,-26.22,-32.93,-31.5,-28.39,-34.07,-31.44,-28.22,-33.94,3.521,4.607,0.487,0
"2022-01-30 00:00:00",149,11.5,1942,-25.28,-21.67,-28.24,-27.19,-23.17,-30.02,-27.11,-23.15,-30.39,3.197,4.82,0,0
"2022-01-31 00:00:00",150,11.48,1942,-23.88,-20.64,-26.9,-24.42,-21.45,-27.48,-24.37,-21.32,-27.38,3.942,6.234,0,0
"2022-02-01 00:00:00",151,11.49,1942,-22.2,-19.37,-26.72,-23.09,-20.28,-27.4,-23.06,-20.19,-27.31,3.566,6.514,0,0
"2022-02-02 00:00:00",152,11.48,1942,-23.98,-20.11,-28.48,-25.66,-21,-30.88,-25.71,-21,-30.78,2.473,5.527,0,0
"2022-02-03 00:00:00",153,11.46,1942,-29.46,-26.94,-31.96,-31.83,-28.78,-34.06,-31.7,-29.21,-34.07,1.967,3.9,0,0
"2022-02-04 00:00:00",154,11.46,1942,-27.74,-21.94,-33.08,-30.53,-25.86,-34.52,-30.36,-25.92,-34.54,3.008,5.567,0,0
"2022-02-05 00:00:00",155,11.47,1942,-20.33,-15.41,-26.14,-23.12,-18.85,-28.31,-23.21,-19.15,-27.78,4.434,6.58,0,0
"2022-02-06 00:00:00",156,11.44,1942,-27.66,-17.36,-34.11,-28.58,-18.93,-37.12,-28.74,-19.36,-37.37,1.963,5.634,0,0
"2022-02-07 00:00:00",157,11.42,1942,-34.91,-32.17,-38.41,-37,-33.36,-39.57,-37.2,-34.01,-39.57,1.563,3.66,0,0
"2022-02-08 00:00:00",158,11.4,1942,-38.77,-36.44,-39.6,-39.43,-37.45,-39.57,-39.49,-37.73,-39.57,1.029,2.94,0,0
"2022-02-09 00:00:00",159,11.39,1942,-38.3,-34.06,-39.6,-38.78,-33.84,-39.57,-38.85,-33.69,-39.57,0.834,2.954,0,0
"2022-02-10 00:00:00",160,11.44,1942,-30.76,-22.29,-39.5,-31.35,-23.13,-39.5,-31.35,-23.33,-39.5,1.035,4.487,0,0
"2022-02-11 00:00:00",161,11.44,1942,-28.47,-22.59,-34.11,-29.67,-22.8,-35.6,-29.67,-22.77,-35.88,1.739,5.607,0,0
"2022-02-12 00:00:00",162,11.42,1942,-30.94,-28.23,-33.99,-33.06,-30.37,-36.06,-32.94,-30.2,-35.85,3.649,5.634,0,0
"2022-02-13 00:00:00",163,11.42,1942,-31.64,-28.46,-35.15,-34.07,-29.26,-37.12,-34.34,-30.43,-36.87,1.45,4.78,0,0
"2022-02-14 00:00:00",164,11.43,1942,-32.11,-29.57,-35.53,-34.97,-31.33,-37.25,-34.63,-31.59,-37.75,2.094,3.674,0,0
"2022-02-15 00:00:00",165,11.43,1942,-29.64,-26.03,-34.26,-32.14,-28.77,-36.01,-31.82,-28.14,-36.23,3.173,5.154,0,0
"2022-02-16 00:00:00",166,11.44,1942,-26.91,-23.42,-30.6,-29.85,-24.6,-32.37,-29.68,-25.09,-32.74,3.033,5.594,0,0
"2022-02-17 00:00:00",167,11.43,1942,-27.67,-24.73,-31.89,-29.56,-25.64,-33.56,-29.63,-26.19,-33.51,2.423,5.687,0,0
"2022-02-18 00:00:00",168,11.43,1942,-25.6,-18.63,-32.06,-27.38,-20.93,-33.25,-27.43,-21.66,-32.98,4.32,6.994,0,0
"2022-02-19 00:00:00",169,11.42,1942,-27.11,-17.94,-35.81,-29.6,-21.51,-38.06,-29.9,-21.23,-37.19,1.447,4.18,0,0
"2022-02-20 00:00:00",170,11.4,1942,-27.6,-20.14,-37.38,-30.32,-23.69,-39.04,-30.36,-23.89,-38.94,2.746,5.78,0,0
"2022-02-21 00:00:00",171,11.47,1942,-17.3,-12.29,-22.6,-19.33,-13.23,-26.3,-19.34,-13.33,-26.14,6.966,14.81,2.66,0
"2022-02-22 00:00:00",172,11.57,1942,-8.15,-3.772,-13.6,-8.73,-4.763,-14.22,-8.72,-4.879,-14.32,10.94,16.75,6.314,0
"2022-02-23 00:00:00",173,11.54,1942,-5.666,-3.838,-8.51,-6.133,-4.432,-8.86,-6.112,-4.382,-8.82,6.139,11.25,1.207,0
"2022-02-24 00:00:00",174,11.66,1942,-9.33,-5.734,-15.17,-10.33,-6.292,-16.31,-10.39,-6.606,-16.28,4.505,12.66,0,0
"2022-02-25 00:00:00",175,11.86,1942,-9.13,-6.077,-13.12,-9.94,-6.474,-15.55,-9.89,-6.507,-15.68,2.043,4.26,0,0
"2022-02-26 00:00:00",176,11.82,1942,-4.312,-1.758,-7.943,-5.561,-2.648,-10.14,-5.646,-2.599,-9.63,7.838,17.26,0,0
"2022-02-27 00:00:00",177,11.93,1942,-3.951,-1.872,-6.312,-5.181,-2.896,-8.44,-5.265,-3.061,-8.49,7.602,15.39,0.514,0
"2022-02-28 00:00:00",178,11.89,1942,-7.079,-3.768,-10.82,-8.03,-4.759,-13.01,-8.03,-4.991,-13.03,5.085,12.01,0,0
"2022-03-01 00:00:00",179,11.89,1942,-9.82,-7.823,-13.19,-11.09,-8.65,-15.11,-11.03,-8.6,-15.01,1.994,3.42,0,0
"2022-03-02 00:00:00",180,11.94,1942,-8.57,-5.599,-14.61,-9.68,-6.177,-16.57,-9.62,-5.979,-16.23,3.377,7.834,0,0
"2022-03-03 00:00:00",181,11.96,1942,-7.489,-5.404,-9.81,-8.09,-5.718,-11.69,-8.02,-5.57,-11.71,3.836,6.007,0,0
"2022-03-04 00:00:00",182,11.97,1942,-8.51,-6.44,-13.24,-9.21,-7.036,-14.4,-9.19,-7.249,-14.46,5.9,8.43,2.02,0
"2022-03-05 00:00:00",183,12.15,1942,-5.755,-1.641,-8.65,-6.505,-2.103,-9.44,-6.463,-1.971,-9.41,7.01,12.65,2.82,0
"2022-03-06 00:00:00",184,12.19,1942,-5.468,-3.08,-8.82,-6.095,-3.609,-9.7,-6.089,-3.411,-9.66,6.504,11.15,1.074,0
"2022-03-07 00:00:00",185,12.29,1942,-14.84,-8.11,-20.54,-15.43,-8.77,-21.65,-15.35,-8.69,-21.5,4.554,11.77,0,0
"2022-03-08 00:00:00",186,12.25,1942,-13.99,-9.57,-18.54,-15.7,-11.6,-19.33,-15.65,-12.34,-19.41,4.839,6.754,0,0
"2022-03-09 00:00:00",187,12.34,1942,-6.831,-1.638,-15.82,-8.07,-2.612,-15.62,-8.06,-2.563,-15.41,4.91,10.62,0,0
"2022-03-10 00:00:00",188,12.31,1942,-23.01,-14.94,-28.84,-23.72,-14.96,-30.61,-23.65,-14.76,-30.79,1.928,6.5,0,0
"2022-03-11 00:00:00",189,12.36,1942,-23.91,-19.74,-28.11,-25.5,-17.51,-29.45,-25.52,-21.06,-29.5,2.537,5.087,0,0
"2022-03-12 00:00:00",190,12.4,1942,-20.39,-16.12,-24.41,-21.97,-16.37,-29.16,-21.88,-15.77,-26.93,1.397,3.914,0,0
"2022-03-13 00:00:00",191,12.39,1942,-23.31,-20.48,-26.61,-25.28,-21.67,-28.78,-25.22,-21.67,-29.17,3.622,6.314,0,0
"2022-03-14 00:00:00",192,12.42,1942,-17.6,-11.34,-23.77,-19.37,-13.64,-25.19,-19.38,-13.97,-25.15,4.953,7.46,2.114,0
"2022-03-15 00:00:00",193,12.44,1942,-23.25,-15.49,-30.92,-23.74,-16.5,-32.91,-23.63,-16.46,-32.64,3.19,8.14,0,0
"2022-03-16 00:00:00",194,12.43,1942,-30.46,-26.81,-34.58,-32.24,-28.06,-35.82,-32.15,-28.03,-36.08,3.264,5.1,1.62,0
"2022-03-17 00:00:00",195,12.45,1942,-25.54,-17.76,-31.12,-28.05,-18.77,-32.64,-28.23,-20.43,-32.74,2.601,4.927,0,0
"2022-03-18 00:00:00",196,12.45,1942,-23.86,-16.97,-27.68,-26.62,-18.16,-31.2,-26.94,-20.61,-31.48,1.424,3.847,0,0
"2022-03-19 00:00:00",197,12.46,1942,-29.01,-22.55,-33,-30.64,-21.96,-34.86,-30.84,-24.11,-34.89,1.432,4.034,0,0
"2022-03-20 00:00:00",198,12.46,1942,-27.92,-21.1,-32.21,-30.66,-21.91,-34.43,-30.65,-22.54,-34.56,1.574,4.287,0,0
"2022-03-21 00:00:00",199,12.46,1942,-25.73,-21.25,-30.65,-27.53,-23.09,-33.95,-27.43,-22.97,-33.8,3.995,6.58,0,0
"2022-03-22 00:00:00",200,12.47,1942,-19.45,-11.38,-24.21,-22.28,-14.03,-28.06,-22.41,-15.75,-28.51,3.196,6.5,0,0
"2022-03-23 00:00:00",201,12.48,1942,-23.49,-14.24,-28.08,-25.87,-16.92,-31.4,-25.89,-17.8,-31.3,2.857,5.447,0,0
"2022-03-24 00:00:00",202,12.49,1942,-18.14,-8.96,-28.06,-19.64,-9.45,-29.7,-19.74,-9.44,-29.6,3.924,9.94,0,0
"2022-03-25 00:00:00",203,12.51,1942,-10.5,-7.786,-12.6,-11.36,-8.36,-13.43,-11.3,-8.15,-13.46,8.31,12.94,2.367,0
"2022-03-26 00:00:00",204,12.52,1942,-6.655,-0.053,-12.66,-8.07,-1.094,-14.08,-8.02,-1.16,-14.13,4.931,8.57,1.34,0
"2022-03-27 00:00:00",205,12.53,1942,-5.34,1.378,-10.4,-6.826,4.169,-11.9,-6.804,2.93,-12.17,2.771,9.38,0,0
"2022-03-28 00:00:00",206,12.54,1942,-6.76,-0.21,-12.81,-8.09,1.459,-14.64,-8.06,-0.788,-14.64,3.436,10.11,0,0
"2022-03-29 00:00:00",207,12.54,1942,-11.48,-4.45,-16.06,-13.2,-5.094,-19.13,-13.11,-5.441,-19,1.993,5.02,0,0
"2022-03-30 00:00:00",208,12.54,1942,-18.53,-13.07,-25.61,-20.19,-13.94,-26.86,-19.99,-14.67,-26.8,0.748,2.86,0,0
"2022-03-31 00:00:00",209,12.53,1942,-16.81,-5.935,-24.32,-18.99,-8.61,-26.35,-18.69,-10.51,-26.3,1.857,6.42,0,0
"2022-04-01 00:00:00",210,12.54,1942,-16.48,-9.06,-22.71,-18.82,-9.06,-25.67,-18.69,-9.42,-25.82,2.685,5.674,0,0
"2022-04-02 00:00:00",211,12.54,1942,-17.75,-9.54,-28.74,-19.97,-10.15,-30.13,-19.88,-9.54,-30.05,2.024,4.967,0,0
"2022-04-03 00:00:00",212,12.54,1942,-28.77,-23.71,-32.51,-29.81,-24.59,-34.89,-29.57,-24.66,-34.43,1.089,2.994,0,0
"2022-04-04 00:00:00",213,12.54,1942,-32.04,-27.13,-35.1,-33.08,-27.78,-36.87,-32.76,-27.73,-36.58,1.648,3.794,0,0
"2022-04-05 00:00:00",214,12.55,1942,-29.26,-19.57,-35.09,-30.68,-19.42,-36.92,-30.46,-20.4,-36.89,1.623,3.5,0,0
"2022-04-06 00:00:00",215,12.57,1942,-23.05,-13.01,-30.8,-24.93,-14.6,-32.54,-24.93,-16.67,-32.56,1.72,4.794,0,0
"2022-04-07 00:00:00",216,12.59,1942,-8.53,-2.826,-20.09,-9.68,-3.421,-22.52,-9.61,-2.826,-22.55,6.295,11.53,0,0
"2022-04-08 00:00:00",217,12.63,1942,-4.238,3.978,-8.88,-5.22,3.053,-9.92,-5.073,2.045,-9.95,4.687,9.85,0,0
"2022-04-09 00:00:00",218,12.62,1942,-17.25,-5.987,-21.73,-17.42,-7.473,-21.46,-17.19,-7.672,-21.32,3.232,6.527,0,0
"2022-04-10 00:00:00",219,12.59,1942,-19.04,-12.98,-26.3,-20.24,-14.3,-27.94,-20.01,-13.82,-28,4.318,7.234,0,0
"2022-04-11 00:00:00",220,12.59,1942,-8.88,-5.822,-14.78,-9.23,-6.136,-15.46,-9.13,-5.967,-15.51,5.346,11.31,2.194,0
"2022-04-12 00:00:00",221,12.62,1942,-5.362,0.83,-10.96,-6.362,-0.788,-11.95,-6.192,-1.218,-11.61,4.703,11.21,0,0
"2022-04-13 00:00:00",222,12.6,1942,-6.358,-0.595,-13.43,-7.187,-1.685,-13.66,-6.954,-2.23,-13.54,3.445,10.71,0,0
"2022-04-14 00:00:00",223,12.59,1942,-10.53,0.599,-15.84,-12.36,-0.458,-17.88,-12.21,-3.053,-18.25,1.012,3.887,0,0
"2022-04-15 00:00:00",224,12.58,1942,-11.89,-7.509,-17.72,-14.18,-8.86,-19.78,-13.89,-8.27,-19.65,2.333,4.514,0,0
"2022-04-16 00:00:00",225,12.58,1942,-9.47,-5.907,-16.25,-10.61,-6.7,-18.76,-10.44,-6.303,-18.72,6.626,9.89,0,0
"2022-04-17 00:00:00",226,12.58,1942,-7.413,-2.524,-12.96,-8.43,-3.547,-13.87,-8.27,-3.25,-13.77,7.472,10.55,2.42,0
"2022-04-18 00:00:00",227,12.58,1942,-4.688,3.287,-9.92,-6.089,5.364,-12.36,-5.954,3.811,-11.99,3.441,8.59,0,0.254
"2022-04-19 00:00:00",228,12.57,1942,-4.883,7.171,-11.52,-7.28,5.221,-12.98,-7.054,3.173,-13.06,2.963,6.02,0,0
"2022-04-20 00:00:00",229,12.58,1942,-6.137,0.747,-11.99,-8.38,-0.664,-13.9,-8.16,-1.17,-14.25,2.178,5.047,0,0
"2022-04-21 00:00:00",230,12.57,1942,-4.438,5.566,-12.12,-6.873,5.5,-14.35,-6.639,4.575,-14.43,1.893,4.834,0,0
"2022-04-22 00:00:00",231,12.57,1942,-3.521,3.923,-9.91,-5.178,9.03,-11.79,-5.025,7.441,-11.67,2.924,5.5,0,0.254
"2022-04-23 00:00:00",232,12.57,1942,-1.813,4.597,-9.56,-3.135,3.028,-11.1,-2.976,3.329,-11.22,4.513,8.82,0.954,0
"2022-04-24 00:00:00",233,12.56,1942,-1.332,4.589,-7.933,-2.545,3.731,-9.2,-2.312,3.917,-9.19,3.045,6.234,0,0
"2022-04-25 00:00:00",234,12.59,1942,0.093,8.35,-5.888,-1.041,9.2,-7.11,-0.921,7.541,-6.994,2.502,5.167,0,0
"2022-04-26 00:00:00",235,12.58,1942,-3.154,2.679,-7.974,-4.43,2.563,-10.58,-4.266,2.183,-9.95,1.737,3.807,0,0
"2022-04-27 00:00:00",236,12.57,1942,-9.01,-2.334,-14.32,-10.11,-4.548,-14.29,-9.79,-3.557,-14.26,1.894,4.754,0,0
"2022-04-28 00:00:00",237,12.56,1942,-12.03,-3.964,-15.84,-12.54,-6.281,-17.21,-12.16,-5.351,-17,1.343,4.18,0,0
"2022-04-29 00:00:00",238,12.59,1942,-1.119,6.859,-13.43,-2.819,7.783,-16.48,-2.501,6.33,-15.97,1.78,4.847,0,0
"2022-04-30 00:00:00",239,12.6,1942,-0.087,5.419,-6.221,-1.25,4.07,-7.574,-0.845,4.79,-7.393,2.39,4.66,0,0
"2022-05-01 00:00:00",240,12.6,1942,2.751,10.25,-4.707,1.483,9.69,-5.979,1.714,10.02,-5.995,3.035,5.207,0,0
"2022-05-02 00:00:00",241,12.59,1942,-3.065,2.694,-8.79,-3.41,1.505,-8.8,-3.103,1.901,-8.74,2.872,5.1,0,0
"2022-05-03 00:00:00",242,12.59,1942,-7.636,-4.001,-9.97,-7.748,-4.001,-10.88,-7.344,-3.192,-10.9,0.508,3.794,0,0
"2022-05-04 00:00:00",243,12.57,1942,-8.25,-5.021,-10.63,-8.07,-4.246,-10.46,-7.683,-3.453,-10.23,1.497,3.634,0,0
"2022-05-05 00:00:00",244,12.61,1942,-7.895,-3.943,-10.94,-7.8,-3.117,-10.92,-7.513,-2.143,-10.78,2.411,4.274,0,0.254
"2022-05-06 00:00:00",245,12.63,1942,-7.537,-3.203,-10.76,-7.845,-3.846,-11.75,-7.661,-3.731,-11.49,2.475,5.1,0,0
"2022-05-07 00:00:00",246,12.63,1942,-2.736,5.425,-11.83,-3.53,4.474,-13.42,-3.283,4.071,-13.37,1.402,3.247,0,0
"2022-05-08 00:00:00",247,12.68,1942,0.768,6.914,-6.184,0.051,6.238,-6.629,0.276,6.386,-6.613,3.731,7.434,0,0
"2022-05-09 00:00:00",248,12.62,1942,-0.936,3.35,-6.397,-1.437,2.624,-6.925,-1.141,3.35,-6.942,3.488,8.81,0,0
"2022-05-10 00:00:00",249,12.6,1942,-3.063,1.783,-8.71,-3.385,1.106,-8.77,-3.162,1.304,-8.64,5.046,10.75,1.06,0
"2022-05-11 00:00:00",250,12.63,1942,-6.552,-1.796,-9.17,-7.171,-2.819,-9.2,-6.716,-2.06,-8.92,2.391,4.807,0,3.048
"2022-05-12 00:00:00",251,12.65,1942,-1.913,1.03,-5.671,-2.749,0.729,-7.948,-2.54,1.542,-8.14,3.11,6.54,0,4.064
"2022-05-13 00:00:00",252,12.67,1942,-1.843,2.317,-5.344,-2.282,1.541,-6.53,-1.98,2.182,-6.678,2.929,5.7,0,0.508
"2022-05-14 00:00:00",253,12.66,1942,-8.75,-5.294,-12.49,-8.9,-5.36,-13.61,-7.842,-4.189,-13.28,3.53,6.154,0,0
"2022-05-15 00:00:00",254,12.71,1942,-6.073,2.465,-15.01,-7.267,3.406,-16.76,-6.914,0.881,-15.19,2.117,4.247,0,2.794
"2022-05-16 00:00:00",255,12.72,1942,-1.43,3.724,-7.335,-2.637,2.717,-9.91,-2.155,4.087,-9.8,2.459,4.54,0,3.048
"2022-05-17 00:00:00",256,12.74,1942,-6.36,-3.139,-10.37,-7.189,-3.387,-11.56,-6.779,-1.291,-11.54,3.156,5.634,0,0
"2022-05-18 00:00:00",257,12.68,1942,-7.917,-4.529,-10.85,-7.942,-4.793,-10.86,-7.727,-4.348,-10.77,3.355,6.767,0.46,0
"2022-05-19 00:00:00",258,12.78,1942,0.952,10.3,-8.9,-0.194,8.87,-10.27,0.109,8.72,-10.52,1.581,4.127,0,0
"2022-05-20 00:00:00",259,12.81,1942,3.614,11.02,-3.082,2.707,9.6,-4.187,2.867,9.32,-3.923,2.718,5.607,0,9.4
"2022-05-21 00:00:00",260,12.76,1942,3.32,7.703,-2.357,2.405,6.317,-3.429,2.635,6.812,-3.297,3.158,7.327,0,0
"2022-05-22 00:00:00",261,12.75,1942,-0.267,2.768,-4.846,-0.689,2.46,-5.737,-0.384,3.511,-5.72,2.039,4.26,0,0
"2022-05-23 00:00:00",262,12.75,1942,-3.146,-0.66,-7.136,-3.284,-0.875,-7.813,-3.006,-0.495,-7.681,2.792,5.527,0,0
"2022-05-24 00:00:00",263,12.84,1942,4.073,10.69,-8.07,2.659,9.57,-8.68,2.999,9.98,-8.49,3.346,6.887,0,0
"2022-05-25 00:00:00",264,12.77,1942,5.193,7.711,-0.228,4.055,6.722,-0.97,4.235,7.018,-0.97,3.979,7.634,0.5,0
